4.38216
2.43549
2.41025
2.53705
2.29171
2.16397
2.38022
3.4368
2.58384
2.27559
2.3352
4.49214
4.51867
3.66017
4.77793
5.08127
4.74457
5.38803
5.35272
5.44109
5.0948
4.14608
5.79305
4.87268
5.9433
4.86513
5.03525
5.76846
5.06275
6.05216
5.28119
4.66321
6.79671
4.69555
5.08433
5.2312
6.33107
6.08881
5.82434
5.95207
5.69496
7.25601
5.46593
4.90138
5.49166
6.57872
4.70097
5.13224
4.73715
7.11006
5.85051
5.07238
5.26715
5.48533
4.34639
2.06131
2.0471
4.64744
5.46379
2.77721
5.81471
6.32243
1.73996
3.54177
6.36175
2.09305
2.20413
6.42401
6.20962
2.0789
6.81453
6.64798
2.08119
6.03753
5.27585
4.23531
2.31919
4.7794
6.04655
2.09317
5.75084
6.14681
5.48361
6.86089
6.52895
5.71208
2.06372
5.33976
5.75957
3.65907
4.69181
6.18234
5.8318
5.70229
4.99404
5.09338
2.10585
6.50379
5.27328
5.15182
6.62603
6.33122
4.70861
5.19036
4.6692
5.90617
5.99969
5.47048
6.05327
3.95711
5.67989
5.1304
5.07915
5.86201
5.52623
5.48807
4.76429
5.12826
5.91033
6.66293
6.27207
5.8204
4.96003
6.72953
5.56511
5.71449
5.04281
6.02794
4.93156
5.92651
5.96832
3.94592
5.38771
4.70314
5.72984
6.24893
5.18562
6.32839
5.9228
5.75386
6.57497
5.48398
5.24518
5.18933
5.46591
4.8745
4.76268
5.72245
5.69494
5.0685
6.02956
4.26839
5.57839
4.32744
4.77731
5.31039
4.62455
6.4509
5.0202
5.85949
4.98731
4.92561
4.95114
5.51759
5.70471
4.62749
5.65026
5.00952
4.9977
6.05362
5.74571
5.21768
6.5024
4.9667
6.70503
6.1775
5.44241
5.53647
5.98916
5.99739
4.74957
4.60501
6.4472
4.74628
5.49701
5.88069
6.67102
6.51028
4.70144
4.96156
5.78216
6.3293
6.25888
6.22766
5.89163
5.36945
5.16451
6.26196
5.42807
5.19889
5.86242
5.60861
6.7423
5.03155
5.7832
6.03296
6.24717
5.75111
4.98786
6.75239
4.88477
4.38463
4.70497
4.42849
5.94216
5.76527
5.94532
6.00669
4.95766
5.2031
5.7924
6.38813
5.29428
5.21136
6.17318
6.11568
4.91388
6.10251
5.17949
6.5737
5.18909
5.44762
6.63961
6.28652
5.1366
6.67755
5.62689
5.80735
5.90456
5.25328
6.62003
5.01556
6.16025
5.05793
6.74709
5.30948
5.71964
6.05273
4.65033
5.7164
5.85181
5.77221
6.41929
5.3345
4.70138
4.85908
5.27861
4.31382
5.20411
5.19173
5.24888
5.22089
4.95392
3.7935
5.86608
6.3072
5.88709
6.48954
4.54332
5.08725
4.40556
5.16619
6.6817
5.17948
6.01333
5.37303
5.744
6.66156
5.44137
5.21659
5.78348
5.31495
4.47781
5.988
5.48388
5.61639
5.05962
4.84634
3.93613
5.92427
5.40163
3.28289
4.85761
6.77069
4.68964
4.60624
5.45629
5.79501
5.44074
6.07516
5.82251
2.18235
5.73354
4.71897
3.70261
6.59109
5.23438
4.65015
4.11795
6.73551
4.69227
4.84444
5.75977
4.94923
2.12036
6.13172
4.91
4.80404
5.89089
5.72887
5.04684
5.52776
4.96994
6.29405
2.24377
5.24126
5.26647
2.1478
5.78647
6.43739
3.75151
4.81152
6.40584
5.60249
6.30655
6.0862
6.71034
2.11769
5.19547
6.49021
2.14405
4.81855
6.03178
4.69186
2.14006
6.24985
6.86468
2.11795
4.75399
6.44734
4.85383
6.79677
6.26394
4.49757
3.97781
5.25577
5.59261
4.90722
5.68094
5.31892
2.15296
6.86445
5.73694
2.17345
5.83622
6.12124
4.54009
4.72977
5.03811
6.08581
2.18145
6.31924
6.66385
2.15417
5.83397
5.35251
2.13267
5.0979
5.01012
4.75575
6.06745
6.20044
6.43517
2.11544
4.70537
4.6784
2.10911
6.30082
4.03354
6.837
3.83308
5.83736
5.20289
2.3247
5.05756
5.48151
2.11889
5.73484
5.18981
4.51209
3.9546
4.85233
4.58796
2.62238
4.85953
5.89306
1.80485
5.98826
5.93528
3.89151
2.89217
5.3033
4.71791
2.11819
5.17465
4.66971
2.1204
4.17258
5.32446
4.87005
2.10666
4
6.70547
2.1121
6.32785
4.70128
5.546
3.75185
5.19641
6.57511
2.10194
5.72384
5.73464
4.74163
3.11217
4.46127
5.17407
2.12423
5.65008
4.62832
3.74792
3.44219
5.25534
5.78539
2.12792
5.77453
5.69678
3.60955
2.16068
4.78645
4.86775
2.11592
4.22566
4.78956
2.19391
3.52365
5.83107
5.56557
2.12948
5.96128
4.79754
2.11557
5.94217
5.08553
2.1635
6.21711
6.41157
5.46912
2.10872
4.16376
5.17429
2.35302
5.6892
5.69462
2.13987
6.21106
6.78155
3.40745
2.09632
5.84727
6.23925
2.11369
4.41965
4.83312
3.83444
3.51048
6.35332
5.74464
3.17816
6.36627
5.61546
2.13417
4.61464
6.20241
4.81769
1.78548
6.35378
5.42343
1.78444
3.40561
5.90817
5.16593
2.1405
6.23231
5.71459
2.13848
4.26552
5.07498
4.65067
2.13852
5.71263
4.73804
2.15394
3.33958
4.76145
4.90757
2.11988
5.04575
5.35187
2.18277
5.82123
4.78974
2.1552
2.16265
5.96246
5.67473
2.1081
4.73329
5.85231
2.11178
2.16292
5.72717
3.79515
2.11039
5.83379
4.8966
2.13318
5.49849
6.17723
3.37772
2.11086
4.80844
5.17784
2.33592
4.69481
5.42666
2.11496
2.13731
4.66595
5.14396
2.08964
4.70191
5.29912
2.11978
2.13109
6.33046
6.20488
2.14912
4.77772
5.93245
2.12657
2.1182
5.31244
5.32262
2.11952
5.79137
4.40584
2.12372
6.50497
5.81231
2.1285
6.74076
5.85395
2.14517
4.60745
6.68702
2.10493
2.09339
6.1566
5.07366
2.12882
5.0581
4.56001
2.15586
6.47594
5.73538
2.14388
2.16693
6.53055
5.05604
2.16828
5.53635
4.94585
2.1198
2.0689
6.47421
6.13784
2.10805
5.59276
5.68955
2.13459
2.09751
5.9635
3.60354
3.02614
5.2414
5.02555
2.32195
3.64556
5.86337
5.06579
2.17493
6.4167
5.51279
2.1126
3.75899
4.73716
4.99945
2.12312
6.38392
5.21457
2.12839
3.86102
6.5508
3.74296
2.13149
4.61865
6.01538
2.32376
2.91393
6.65645
3.42301
1.78247
5.10685
5.18
1.79659
5.4372
5.07958
1.7847
2.17111
6.03193
5.42877
2.19319
5.84149
5.29171
2.1342
6.32437
5.23201
2.36522
3.08247
6.24598
5.28653
2.12679
6.22842
6.20816
2.13183
2.1408
4.93635
4.47644
2.1306
5.7146
5.56473
2.14564
4.87088
5.49798
2.11672
2.08712
5.74285
5.13477
2.11374
5.35886
6.38445
2.12886
4.23621
5.97253
4.62975
3.25978
4.97479
5.04904
2.36785
5.83206
5.34256
2.47092
6.07234
4.69621
3.80264
2.12446
4.74634
4.06086
2.13111
6.79382
5.765
5.21388
2.1792
4.72999
4.43501
2.13104
3.87757
6.58453
5.371
2.11059
5.37632
5.20503
2.59936
2.24772
6.04556
5.37727
2.10156
4.50184
5.6867
2.1225
5.99811
6.15223
2.10668
2.13654
6.0367
4.86411
2.09822
4.84455
4.67876
2.12662
3.93595
5.70058
5.35368
2.17296
5.66414
5.18571
2.094
2.97184
6.10701
2.11514
2.13998
6.40171
6.43728
2.09487
4.66245
5.66783
2.13591
2.14336
6.64322
6.55642
2.11909
6.215
5.25182
2.11139
2.12041
5.10442
5.24103
2.11626
5.91737
5.77213
2.11861
2.2361
5.13842
2.14114
2.43207
5.27497
5.57433
2.18794
6.37833
5.37401
2.11793
2.14104
5.69794
4.92846
2.14787
5.16913
5.19389
2.12172
2.15626
5.81468
3.4154
1.78901
5.52481
6.06855
1.79447
6.68092
6.27478
2.85702
2.08382
4.55535
6.25479
2.1496
2.13847
6.06685
2.16609
2.11038
5.98661
4.93542
2.10234
5.25741
4.63901
2.10268
1.77002
6.32833
5.53441
2.14352
4.56866
5.55605
3.7483
2.10571
4.4899
4.83322
2.10438
5.25235
6.01276
2.16743
2.11812
5.75438
4.83182
2.14582
4.6912
6.49675
3.6461
2.14032
4.47107
5.86121
1.83672
3.57421
4.85762
2.14222
1.77673
4.84115
4.63299
2.1875
6.20957
6.48101
2.12185
2.1585
6.32628
5.09635
2.12782
6.16672
6.25655
2.11649
5.34174
4.4136
2.12401
2.14051
4.37413
3.5763
1.7961
5.41987
5.14383
1.78228
3.90559
5.96843
5.11957
2.12706
5.40486
5.97742
2.13533
4.01598
6.28624
3.6964
2.12202
5.75437
4.66799
2.10542
3.59499
6.77446
3.87664
2.11788
5.1702
4.69292
2.10915
5.72997
6.53371
2.10883
2.13196
5.42352
2.34869
2.11163
4.78276
5.99888
2.13116
2.6584
5.57673
2.87417
3.06718
5.41056
6.66805
2.32332
3.96024
6.0726
5.4327
2.17625
5.72605
5.83414
2.09806
2.13781
5.52768
4.53635
2.12143
5.7912
4.82733
2.11561
2.21624
4.81223
3.71136
2.13815
6.71453
5.03171
2.16274
4.12151
4.95857
3.10439
2.08671
5.82257
4.65778
2.12997
5.82603
5.28425
2.12437
5.00758
5.42918
2.12052
2.16545
6.7435
5.04591
2.12556
4.67205
6.03572
2.14897
2.10973
4.97069
5.55869
2.12657
5.46714
5.79006
2.13249
2.11503
4.67253
5.83257
2.09154
5.6254
5.01098
2.12503
6.16616
5.18023
2.11771
2.08866
6.25577
5.49585
1.76592
3.44544
5.36266
1.77996
2.11794
5.7223
5.23452
2.21842
3.59806
6.54656
2.12907
2.12492
5.70465
2.11391
2.12215
5.6511
5.19702
2.13426
3.93773
4.77314
5.77717
1.75694
6.01713
4.91392
1.77563
4.60703
5.82302
1.78318
3.46823
5.20578
1.81485
1.79994
5.33273
4.71561
1.79175
4.96523
6.09504
1.81042
1.78594
5.22235
4.54116
1.78557
5.30191
5.84705
1.98484
1.77055
4.11177
1.79714
1.81065
5.09772
4.66638
1.79376
3.33793
5.36379
1.77262
1.7868
6.71341
6.27039
1.77217
4.29897
4.38418
1.81785
1.76754
5.65623
1.79845
1.76637
5.45591
4.79125
1.78796
5.39491
5.03006
1.77682
1.77142
5.25968
5.31906
1.82102
5.34588
4.36619
1.78653
1.75561
5.8014
4.74733
1.8387
3.09654
6.26865
1.79057
1.79865
6.40829
4.90743
2.13182
5.84887
4.32446
2.15806
2.10757
5.2882
3.68568
2.14375
4.91157
2.12938
2.12476
5.95231
4.61722
2.10955
4.89322
5.50894
1.80929
3.52266
6.00165
2.12074
2.15247
5.2221
5.36701
2.16889
6.43111
5.96862
2.12585
2.14927
4.36874
2.13693
2.12218
6.24466
5.24079
1.79038
3.10422
4.7954
1.76184
1.77176
6.52223
5.32699
2.33572
5.77651
5.26131
2.13437
4.47089
5.63507
5.38003
3.72956
5.07508
3.75926
2.08991
5.1361
6.69031
2.09251
4.86489
6.36094
1.78485
1.78269
5.56954
6.19289
1.79349
3.97444
5.98305
1.78247
1.78315
6.26694
5.5558
1.78262
4.67288
4.68148
1.79455
1.76602
4.5324
5.6067
1.82299
4.15553
5.20482
1.80213
1.79
5.42614
5.9829
2.01805
4.20647
5.25507
1.79277
1.76009
4.61684
3.34281
1.76913
6.25475
5.23708
4.27477
3.94735
5.20728
2.18066
2.10657
6.75751
5.21119
2.12867
3.88261
5.66828
2.12791
2.30299
4.95292
4.94916
2.12699
6.71164
4.79282
2.12536
2.12434
6.98618
5.33317
2.11828
5.32486
6.66023
2.12835
4.71304
6.58439
1.78393
1.7991
4.73129
4.89831
1.76932
1.79308
5.23637
4.222
1.80007
5.64635
5.10824
1.79693
1.80448
5.79016
5.80217
1.81302
3.49119
4.92479
6.26414
2.13019
4.63174
5.23642
1.79567
5.50459
5.82418
1.7747
1.99881
5.5263
3.28637
1.7696
5.47309
5.65693
1.82036
1.91686
4.71221
4.97149
2.13287
4.44752
5.74817
2.134
2.16761
6.00785
3.82113
2.11274
6.3187
5.60713
2.13216
4.84456
6.59229
2.1613
3.41863
4.99599
3.40154
1.78027
4.31359
5.40007
4.88367
5.36035
4.75937
1.79255
1.75327
5.64213
4.53843
2.15338
5.18078
6.36838
1.79403
1.81439
5.15338
3.32084
1.82291
4.07279
5.67165
2.14832
5.71875
4.6732
2.12487
2.25135
6.32586
6.62702
2.13428
5.39685
5.92818
2.12012
5.97948
6.58042
2.15559
2.11763
4.83688
5.0936
1.78839
5.56759
5.48581
1.90654
1.81327
5.57626
4.93201
1.76839
3.18204
5.33976
1.79242
1.7711
5.88525
4.31644
1.78236
6.16893
4.76507
1.78178
1.7932
5.70372
1.99301
1.77502
6.18745
6.55401
1.81002
1.86484
4.75717
5.92283
1.78834
4.95657
1.83302
1.79955
4.35927
4.06728
1.80252
4.7648
5.50683
1.78251
2.11192
6.80309
3.66716
2.14524
4.77295
6.04536
2.12428
3.99728
4.83704
2.13634
2.13101
5.16475
5.41845
2.1005
4.47727
5.77108
2.1167
2.11826
5.90067
2.12348
2.12711
6.63472
5.91153
2.12487
2.1647
5.71557
4.09016
1.7928
5.87026
5.39138
1.79864
1.78963
5.29259
1.77082
2.14169
4.94371
4.59757
1.75989
4.4085
5.40194
2.85272
1.77008
5.8779
5.28651
1.80353
4.64216
4.90923
1.78129
5.05222
4.42853
1.78686
1.86509
4.28074
4.52178
1.79298
4.79394
6.1865
1.88347
1.80283
5.99983
1.78621
1.76894
5.78119
4.46234
1.80367
1.82383
6.37079
1.79688
1.98732
5.42307
4.72864
1.76945
5.9271
4.31597
4.94549
3.4145
5.35625
1.82115
1.79798
6.25615
4.84303
1.76449
3.56406
6.14152
1.77558
2.10859
6.30738
4.24319
2.1467
4.15056
5.25144
2.10237
2.10155
5.51085
3.8382
2.0963
5.87772
5.35942
2.08923
2.90192
6.01793
3.29573
1.7805
4.38804
5.62909
5.55086
3.52591
4.19539
1.83672
1.79466
5.63381
6.29289
1.77337
1.87063
5.94793
4.79709
1.79048
6.40497
4.94278
1.78789
5.19805
4.39297
4.8502
6.12379
5.37459
5.78084
5.35116
5.39395
5.42889
5.65616
4.69134
5.38767
6.0482
5.35647
4.72526
5.00068
5.04578
6.62812
5.51232
5.74778
5.09161
6.71175
5.25173
6.2262
5.08203
5.89867
5.73776
6.4672
6.65962
3.70408
3.7759
3.89193
3.73077
3.49125
2.6275
