3.74496
4.24553
4.71593
5.26172
4.46406
3.90422
5.10031
3.66865
5.44283
2.08447
3.40234
2.06194
2.06489
3.31349
3.78183
3.81215
2.07783
5.04744
6.12411
3.84537
4.34256
4.54063
4.06603
5.95688
4.4767
6.78316
4.63431
4.64048
4.56744
3.58348
3.69464
3.57284
2.0568
2.06397
3.64095
5.12122
4.97531
2.05912
5.34625
3.62682
2.07186
5.34874
5.40517
2.33962
2.07629
4.91068
3.6928
5.20137
3.78482
3.65008
4.64089
4.79125
3.71664
4.7967
4.3354
4.22373
3.69021
5.65292
5.48226
4.40877
2.07074
2.09548
3.04801
3.65498
1.70982
3.55764
3.05457
4.28009
3.43773
3.7661
3.23882
2.07307
3.98396
3.55848
3.79011
3.64921
3.80397
2.04714
2.06572
3.85032
2.61097
3.84748
3.90189
2.04858
3.23129
3.7136
2.08547
3.34456
4.91128
5.27698
5.29953
3.70302
4.74251
6.4865
3.86581
3.57665
2.06744
3.59472
3.10421
2.10632
3.56039
3.77952
2.06935
2.06648
3.72486
2.07806
3.04883
2.05248
5.3313
3.69537
2.06433
3.632
2.10058
4.1371
3.45358
3.77192
4.95617
5.17294
5.43218
3.55702
3.63811
3.73159
5.00606
2.06925
2.10399
2.09226
3.75577
2.06091
3.73222
5.06804
3.62541
5.76517
3.41454
3.50823
1.7384
3.32227
5.03819
5.17224
1.72414
3.85215
3.54045
2.26793
3.6795
4.82053
4.63479
3.68691
4.31974
2.11658
3.64046
5.13498
3.34241
3.30677
2.08747
3.74768
3.67186
3.39645
3.44648
2.07154
3.8551
3.3062
3.56734
2.84557
2.06897
4.50607
4.68503
4.11058
3.5588
2.09303
2.15286
3.21073
3.81971
3.70137
2.06069
2.06638
3.17059
3.96932
3.75789
4.58761
3.03226
3.64369
5.39085
5.27057
5.13116
3.68098
4.03427
3.62178
3.53254
2.34057
2.0592
2.04987
2.08592
3.15
4.78435
4.78432
3.64994
2.08363
3.73508
2.07256
3.48085
5.21114
2.0689
3.66642
3.74315
2.28202
3.73605
3.61377
2.06924
4.69554
5.47772
1.73496
3.38593
5.39057
2.05713
2.87171
2.07712
3.8911
2.05507
3.72844
3.70102
3.77195
2.09412
2.06044
5.59232
2.89752
3.08562
2.07275
4.2935
3.73035
2.11552
5.10935
3.68073
2.12326
3.64326
4.59883
3.73184
2.10902
3.65972
3.55704
5.15017
4.6777
2.13111
2.06281
2.08477
2.15349
3.75687
2.13763
4.98631
2.08549
4.04399
2.0808
2.0527
3.43341
3.19593
2.07795
3.95593
2.04263
5.06001
2.03655
2.06424
3.67909
2.08694
5.6084
4.88951
5.15454
5.18193
3.33789
5.77846
3.81495
4.00027
3.20467
3.45163
3.56322
3.671
1.74484
1.73842
3.07638
1.73923
1.74288
1.73116
2.83513
3.46591
3.1204
3.73577
5.73814
5.16346
6.11996
3.72436
4.72832
4.49024
3.67276
4.6265
4.01632
3.69888
3.63092
5.72938
5.35462
4.85073
4.60819
3.68161
2.10406
3.73289
2.08162
2.12942
3.67813
3.77704
3.71601
4.58913
2.0603
3.76337
5.33366
3.55219
3.67171
4.72478
2.08075
2.09721
5.12106
3.74152
5.48465
2.07846
2.07206
4.6544
1.73005
3.2524
3.44976
1.71049
3.07966
1.71916
2.79135
2.05685
5.28403
5.3158
6.79357
5.12154
3.81262
3.69853
3.74573
3.69343
3.69756
3.50492
3.75546
2.11855
2.03863
2.06821
2.05858
2.07115
2.08377
3.7586
3.76184
3.72591
4.79558
3.78106
2.13276
3.75762
4.58246
2.08846
2.0711
3.45952
2.05508
4.75753
3.76909
3.60912
3.59349
4.40527
5.83479
3.7158
5.45525
3.32338
3.5342
3.73611
5.29536
5.04957
5.25552
3.5653
5.26053
2.1105
3.57309
3.9187
4.58997
2.06866
2.0573
2.1307
3.81872
3.73762
5.00433
2.10622
2.09426
2.10724
3.69442
4.70036
2.04893
3.77671
5.23459
3.59026
2.06148
3.51216
4.20155
3.02841
5.42255
3.98419
2.6875
4.26603
5.24571
3.27426
2.05206
5.72056
2.08574
3.81784
3.3014
4.59344
5.2852
3.72957
3.77908
2.05923
3.51239
2.07161
3.51371
3.78123
2.07929
2.11414
1.73929
3.73477
1.72076
2.16535
3.3573
3.54935
2.08093
3.76778
3.64801
2.04963
5.41749
4.65228
3.68058
3.45033
3.78191
3.50063
2.06052
2.08732
2.04362
5.05807
5.02674
3.42481
4.58651
4.10051
3.39257
3.43523
3.32784
4.23884
5.23922
4.76746
3.4013
4.8689
5.03582
3.40794
2.32857
4.97043
4.35876
3.26559
1.73573
5.24702
3.43873
3.4116
2.06205
3.94567
2.26889
5.21441
2.07279
3.90742
2.20941
3.73894
2.07066
2.06016
2.04462
3.65819
2.09049
3.65161
3.57424
2.07428
3.24394
3.28692
3.57903
3.28537
1.7473
3.33359
1.75282
3.47088
5.90974
5.98308
3.93062
5.0467
4.52527
2.86221
4.85333
1.74284
5.2033
2.61932
1.73044
3.63898
3.17851
1.71758
1.72574
3.34271
1.77582
3.47102
6.29044
5.68794
5.42868
1.75307
3.91754
3.39793
4.78269
3.36479
1.72229
3.22472
1.72054
3.41772
3.11862
3.40072
3.3519
2.60023
3.1689
4.19869
4.17865
4.69033
4.87429
3.32376
3.17684
1.72457
3.36556
3.29539
3.44573
1.72463
3.00523
1.76402
4.58473
3.55723
2.55757
3.52682
5.1159
3.43164
1.73107
2.83251
3.41753
1.78994
4.19835
1.73872
1.8929
1.72206
3.64674
3.01281
1.71136
4.76058
1.73771
3.09069
3.19928
3.46085
2.9325
1.74532
3.59001
2.90344
5.11187
1.77458
3.40946
3.0844
3.11391
3.00405
3.52679
1.72667
3.56263
4.86816
1.9424
3.33591
4.27945
4.62422
3.35794
1.74
1.74033
2.97667
1.78811
3.24143
1.73761
5.31828
5.30541
2.08765
3.78157
4.94285
3.69152
4.73538
3.56208
3.78353
4.84277
2.0754
3.96882
2.0663
4.69882
3.44468
3.29919
3.69077
3.6461
2.06223
3.15261
5.30211
3.63423
6.13988
2.06428
2.093
2.08544
5.09669
2.09614
2.12951
3.73681
2.0707
3.49012
3.55293
4.83886
6.6886
3.72676
5.24617
2.07904
3.68816
2.34674
2.16189
3.7574
4.57942
3.68065
5.25285
2.08219
5.13722
5.33491
4.92399
3.73246
4.90472
5.27053
4.0452
2.27547
3.5982
5.34429
3.72127
5.64495
5.14645
5.69791
3.52362
2.05411
3.79111
1.75951
2.91877
3.17775
3.10763
1.74489
4.55919
3.37882
3.68551
3.69789
2.29811
4.8277
3.88249
3.40329
5.36017
3.62325
3.73724
2.06927
2.10049
5.13853
5.12162
3.93909
5.38125
2.07146
2.12291
2.08213
2.28768
2.0792
5.17308
2.05586
2.06723
5.03242
5.34381
5.06215
4.5726
4.8145
5.29419
5.12302
5.18139
5.32187
4.72895
3.5209
3.59838
5.22649
3.57378
5.24676
5.06593
5.03341
3.75255
4.05614
5.04323
5.23776
3.45952
3.65562
3.72093
3.61242
5.07902
3.72976
2.09013
2.06516
3.81169
4.21189
2.05448
2.07229
2.08071
2.06636
3.85447
2.05478
2.35584
3.6194
2.09406
5.38175
4.60007
1.73398
2.02927
4.9824
4.69605
4.60413
5.49159
3.63497
3.81199
3.82972
2.23599
3.758
4.48103
2.86921
3.78096
3.95339
3.69988
2.13301
3.66529
4.78062
2.09389
5.10462
2.07787
5.81056
1.77466
1.74682
1.72081
1.7408
4.92877
4.72126
4.84598
4.54959
5.30259
5.20287
2.04942
4.79469
2.09455
5.12255
5.76895
3.78091
2.14026
2.05261
2.64651
3.91197
3.48988
2.09394
3.74624
1.74233
3.36383
1.72712
4.33083
4.90008
3.56456
4.51018
3.83712
3.81346
3.31682
2.07178
3.88922
2.0523
5.26679
4.02894
2.64239
3.34689
2.69176
3.67975
5.41765
3.77195
2.0814
4.82172
3.37849
1.73398
1.7333
1.74642
2.12401
4.94592
2.06774
3.66297
3.40267
2.1027
2.1135
2.06139
4.89202
3.74152
5.06183
3.54382
5.09563
5.4377
3.71079
2.0713
3.62651
3.2613
3.55769
2.04803
2.06683
4.64941
3.67381
2.06816
2.07281
4.9939
2.13676
3.71855
2.08842
3.68262
2.33886
3.23391
2.04773
4.53587
2.07617
2.06113
4.7044
3.5527
4.80534
2.07079
2.06933
4.80154
4.56323
4.74466
4.68466
4.02458
3.50302
3.55772
5.22632
7.1755
2.08811
2.07463
4.24168
3.77765
2.09915
3.98402
3.10483
3.82787
5.37153
2.29307
3.20118
3.77212
5.0932
5.00157
3.30223
4.02945
5.02436
4.85854
3.2932
3.33399
3.40852
4.61526
3.76231
4.53737
3.70649
2.11535
3.60028
5.42002
3.75839
5.79001
2.99661
3.91912
3.70319
2.10337
2.12225
3.28978
3.84081
2.05951
3.25362
2.03009
3.72741
3.7794
3.19229
2.07812
2.06793
4.41128
3.80665
4.35448
3.78474
2.95567
2.08641
2.08374
2.06773
5.07503
3.76035
3.69101
3.77896
5.40085
3.72003
2.10997
3.43522
3.96171
4.61648
4.31214
5.20412
3.54158
1.74346
2.07465
3.68585
2.11929
5.30929
3.71999
5.35704
3.68246
3.68595
5.23874
5.23152
3.92045
2.07596
3.72801
2.06441
3.7826
3.43259
2.04526
2.08183
3.53743
3.71721
3.89005
5.7556
3.67433
3.23255
3.77214
2.93213
6.24885
5.31102
3.71893
4.3795
3.70113
3.56388
3.9329
2.09472
4.29471
3.26274
2.07847
5.4001
3.86681
3.54955
3.72994
3.58025
1.7511
3.39322
3.39637
1.75284
1.73231
1.76316
1.73573
3.38089
3.52621
3.82728
2.25791
3.66783
4.25323
2.05675
3.74146
4.8797
3.78262
3.66751
2.08034
2.03876
3.74744
2.07664
3.68052
4.56939
3.93907
3.61106
2.07813
5.06342
3.39273
3.32736
3.44147
4.41153
2.27448
4.91317
3.84636
3.49816
3.34486
3.55287
3.98505
2.06627
2.06328
2.09989
3.24721
3.96216
4.91761
3.49515
3.81902
4.55667
3.45685
4.71874
3.84694
3.50207
3.67996
3.64521
3.64136
5.02797
2.10895
3.66678
4.08798
6.32872
2.07224
3.54769
3.51291
3.73729
3.18765
5.42888
3.62629
3.48584
4.5946
3.59864
2.07575
2.09256
3.66896
4.05543
6.00776
4.44488
1.74691
3.4454
1.73489
4.81827
3.49672
4.62614
3.10969
2.933
1.72167
4.19968
3.45725
3.35638
3.99062
3.38301
3.41904
4.59563
2.46947
3.61244
2.07355
3.8147
3.65919
2.16646
2.05824
2.89125
3.77253
3.94887
4.62441
3.51485
5.87034
4.6709
5.20318
3.37186
2.105
2.05443
5.74897
2.92787
3.83796
3.44938
5.40043
4.63509
4.62513
4.6643
4.31687
1.75402
3.44263
4.2361
4.0176
1.73262
4.37866
4.80162
1.75257
4.56032
5.05527
3.21646
1.7597
3.4493
3.4339
4.48816
5.44744
1.75629
4.56954
4.39403
1.74539
4.93195
4.95538
3.70084
5.81206
4.67286
3.77339
2.12133
4.84833
3.91772
4.49907
3.16297
3.5405
3.16805
3.7579
5.19704
3.86086
1.72242
5.86664
5.08815
3.44727
1.7821
3.58848
1.93047
4.30627
3.36089
3.415
3.46639
5.66156
3.4634
3.34218
1.72815
4.77174
3.29382
1.76976
3.09424
2.06693
3.93982
3.80006
4.56841
5.64481
2.09429
2.69897
5.74372
5.33432
5.34439
3.24499
3.56312
3.61477
3.54421
4.60963
4.72585
2.09553
2.10248
4.76604
2.062
3.5769
2.3673
1.71796
1.72549
3.54965
2.99708
3.27937
3.34346
4.70405
1.75234
2.70791
3.5592
3.34541
4.75309
4.60833
4.38898
3.42299
4.94956
3.64354
1.76689
1.7496
1.75357
1.72253
3.13255
1.73696
1.7392
1.71959
4.00141
1.73048
1.72261
3.2363
3.42885
3.61058
3.46618
3.281
3.36628
1.74271
4.33235
3.41908
3.51464
4.41965
5.13066
4.36927
4.81225
1.75836
1.72384
1.71892
1.81638
1.76918
3.42832
3.39565
2.98364
1.72147
1.73368
3.62945
3.54205
3.17959
1.74154
3.81918
3.74423
4.34652
2.08879
3.81258
2.09418
2.11588
3.02681
3.66339
3.95318
4.43705
3.74306
3.76002
4.43414
5.3371
4.66495
5.03046
4.68745
2.28381
2.08504
3.79104
5.33305
3.66035
3.32631
3.04422
3.7127
2.07755
4.75987
5.09529
5.20354
3.61084
2.07922
2.04545
5.351
2.07888
2.09078
2.05104
2.07206
3.53135
3.59649
2.27033
4.36229
5.38175
3.92386
4.2943
4.98701
3.60854
1.71847
2.26186
3.18913
3.33112
5.46142
3.58735
3.6132
2.08355
2.07102
4.05513
2.0663
3.50246
5.08942
2.05181
4.36648
3.78818
2.07778
5.09762
3.52067
2.69704
3.69293
3.87871
3.39039
1.73584
1.74014
1.71233
4.75582
1.77703
3.50434
3.43366
1.74487
3.35288
3.2988
1.72032
4.97388
3.79911
3.42285
1.81507
2.63846
1.72849
3.12371
2.87489
3.41044
1.7364
4.36229
4.40524
3.51305
1.73471
5.11519
4.56092
3.37165
3.45586
3.39829
3.3499
2.73022
3.07263
3.33662
3.90781
3.52358
3.57757
1.81009
4.81407
2.70834
3.34695
4.99286
3.30125
1.73535
3.32181
1.73369
3.45716
3.29001
1.74713
3.25621
3.37945
4.77632
1.75574
1.72284
1.73226
2.79205
5.03235
5.27024
4.79292
2.71561
1.72709
2.8598
4.47188
3.62369
1.73043
5.96923
1.76708
4.22592
3.5992
1.72641
1.72082
3.35017
3.46732
1.72341
3.29092
3.62311
1.75992
4.58534
4.4077
3.48723
4.98343
1.73043
3.30217
4.30956
1.73638
1.75558
1.71763
4.5775
3.61268
3.98208
4.23668
4.51688
3.74674
2.09837
6.07769
2.3093
3.72089
2.07636
2.06966
3.63129
2.27
4.04565
2.10106
4.45417
3.32675
1.74096
1.71602
3.45792
4.96158
3.36217
3.86286
6.64887
3.47539
3.10918
3.42232
3.22737
3.3163
5.1137
1.72654
1.72181
3.43256
3.3062
2.08924
3.03248
3.3782
1.73244
3.33682
4.37901
3.29973
3.61628
1.72883
1.75337
3.1852
2.74925
1.79926
3.38558
1.73272
2.24635
3.33722
1.7353
1.7658
3.19571
1.72258
3.35826
1.71871
3.51438
4.23005
4.48545
4.83528
4.24581
1.73353
4.16928
1.73572
3.09758
4.62643
1.8122
1.72531
3.746
3.965
3.78257
3.40872
3.13911
4.66582
1.72958
1.73691
1.92141
1.74131
3.31653
4.16325
3.34089
4.59986
3.42764
2.01487
3.20358
3.16502
1.73142
3.41239
4.38373
3.58415
1.72376
2.32475
1.72974
1.71502
1.76091
