4.45299
3.77536
4.64475
4.34678
5.68198
4.28858
4.48423
4.54779
4.81591
1.80917
3.44339
1.77452
1.78378
3.45469
3.25129
3.38934
2.69734
4.75809
6.15804
4.8433
5.09852
3.33514
5.79968
4.34875
3.32006
3.55731
3.45638
1.75766
3.07289
5.02393
5.96106
4.6263
3.35661
1.79319
5.40147
3.17586
5.02854
4.26181
2.96407
5.37537
3.39146
4.93558
3.37247
5.07351
2.14774
3.76583
3.81613
2.11801
3.8088
4.38421
3.71736
3.57991
3.70032
2.12542
4.78652
2.23844
2.12793
2.10623
2.09912
4.63854
3.21197
4.30897
4.6855
4.66684
5.13775
5.05297
3.2024
2.92634
3.47562
3.13174
1.76006
4.90938
5.04596
2.56109
5.46713
4.15518
5.27849
5.53614
6.0448
5.01427
3.42651
1.78005
4.28571
3.45593
6.37341
4.79105
5.90976
4.51286
3.49709
4.28844
3.35926
3.13617
3.43763
1.79784
1.79276
3.32256
4.25386
4.8813
6.48308
4.20778
6.11488
6.5178
4.55883
1.77378
3.55313
1.93798
4.75921
3.38091
4.83947
4.72507
1.79914
3.75831
3.34885
2.43981
3.36852
5.19229
3.42019
5.27695
4.32739
4.43276
5.40276
4.81248
4.88766
2.8675
5.00531
4.94271
4.90702
4.86214
5.98618
5.12774
4.8932
4.74043
4.8638
4.65966
4.20833
4.41097
3.26941
3.46354
1.80062
4.87087
5.32675
4.37209
5.53589
3.70008
4.60819
5.47671
5.01618
5.76566
5.99689
3.67033
5.77585
5.39778
5.34561
5.93226
4.99325
5.80603
6.16857
2.17207
4.57954
5.00487
5.4347
5.662
3.81474
3.62368
3.39522
4.31951
3.62691
6.74238
5.75572
3.67017
4.99784
6.33578
5.02334
1.78868
1.80661
1.77273
1.77135
4.22425
2.74088
3.82164
3.66658
4.93077
5.07286
1.80725
4.27388
6.76929
4.93259
3.11251
3.38446
1.888
4.24615
3.48132
1.75185
3.50784
2.57225
3.29509
5.21838
4.30218
5.64622
4.3407
5.86483
4.6006
5.52196
5.23916
4.10637
5.9977
5.35469
3.48042
2.17635
6.19377
3.81287
5.26202
4.2403
3.32408
3.67075
6.45881
5.01846
4.60023
3.27147
5.16016
5.01122
5.61193
2.19699
4.3858
3.84341
3.83638
6.36583
4.84924
3.56947
5.8234
5.14795
4.22592
5.36299
3.74591
4.57201
5.14317
4.69656
2.17127
5.21588
6.43774
6.60124
5.214
3.57761
5.35589
5.23548
3.82877
6.73565
4.80695
4.69741
3.7224
5.06197
5.82766
5.19497
3.80674
5.38919
3.38784
4.71141
5.01721
4.53772
4.92277
6.16789
3.56794
1.7858
3.11235
4.02412
5.73217
5.18768
4.36986
3.01348
4.67057
2.77805
3.43028
4.3017
2.12055
4.90869
1.76306
5.09995
5.13455
1.77497
5.06248
4.71298
5.00983
4.19025
4.51813
5.94745
6.11777
5.49392
4.97033
4.54934
6.33876
5.31847
3.15456
6.15686
4.61358
5.0558
5.73331
3.49994
2.97289
4.82472
3.33747
3.10894
1.75862
4.35754
3.39921
3.20663
1.76191
3.32686
4.629
5.84156
5.91603
4.23486
5.1799
4.85696
6.03945
5.344
4.14117
4.70647
3.38156
4.71726
1.78349
1.76912
4.3088
5.21586
5.08458
4.17385
4.43036
4.9862
3.70585
1.76694
5.00156
3.9292
4.49154
3.17881
1.75797
3.46705
4.26451
6.08798
4.52699
5.06609
6.15914
1.77977
5.61201
4.74898
4.8105
4.86884
4.96142
4.50406
3.58021
2.6062
3.23198
5.16987
3.35377
3.19624
3.43871
4.51413
5.2561
3.91742
5.0921
3.47374
1.78438
3.5217
2.99745
4.81656
5.35218
3.36783
4.06633
4.26007
4.91047
3.78339
5.21657
5.42881
5.53591
1.77556
2.95143
4.35826
3.62153
5.43916
4.9199
3.32252
3.40543
3.40746
3.73293
3.48991
3.09151
4.98254
5.08025
6.37897
4.94488
5.71375
4.74888
1.81664
3.27204
4.81448
3.90641
3.80892
3.33142
3.08474
5.29062
6.88689
5.74333
4.32279
3.45534
5.62601
5.12012
3.71763
5.03438
3.72203
4.05427
5.18819
6.68492
4.20749
5.18573
4.80097
3.41532
6.0812
3.37798
4.72977
4.78571
4.76163
5.16236
4.32202
4.98358
5.1679
3.68277
3.2255
4.3688
3.44929
1.78296
1.7706
4.43469
3.51341
4.63165
4.27254
4.48705
4.55407
5.17511
5.74994
5.13377
4.78292
2.55889
4.70436
2.98943
3.44997
4.77372
1.79073
2.98449
4.84336
3.45866
4.6547
3.70469
3.09042
4.59542
4.53491
5.33793
4.28079
4.2414
3.00556
3.48261
3.36164
5.53485
4.99164
5.32353
5.44236
4.06957
3.73358
5.04496
2.1047
3.73947
4.66518
5.25105
5.19317
4.59407
5.28483
2.11123
4.85097
3.61023
3.6086
4.41241
5.11778
5.01215
3.60469
5.5209
2.13972
4.97962
4.82865
5.28371
4.89201
5.61181
3.73371
4.95963
5.77403
6.73077
5.12024
5.73136
5.23286
5.38394
4.79037
5.3365
5.28037
5.25201
4.62854
5.1314
5.35473
5.41282
5.13515
4.75502
4.38696
5.02449
4.82636
4.86613
3.30013
2.74122
4.80243
3.65055
3.42024
4.99521
1.74704
3.5462
3.43641
4.20216
3.4361
4.53142
1.77788
1.83566
4.8105
2.83585
5.1269
3.51134
1.76169
5.84191
6.42266
6.40863
6.88459
6.40766
4.60644
4.6746
3.77794
4.54334
5.50107
4.67997
6.54559
5.74608
5.62883
6.46006
5.13735
3.55869
3.86732
3.45857
3.40085
1.78592
3.34938
1.77989
6.54327
4.8973
3.42483
3.36109
4.79334
4.85354
6.0659
5.87842
3.42757
3.43935
4.2407
1.78515
4.24147
3.45675
4.01798
5.93684
3.96407
6.28042
5.30929
5.29853
6.25723
6.45062
5.8328
6.18958
4.40387
4.33222
3.81575
6.02193
6.73414
3.66175
5.07756
3.63183
5.74097
6.04906
4.91951
2.17821
5.43117
4.28294
3.63711
5.43166
1.7824
4.63955
3.35389
4.53612
1.80925
4.14564
3.4294
4.94386
3.60792
4.94758
5.59243
5.17516
5.75623
6.28822
5.1064
5.72636
5.25558
3.81283
4.66079
5.41576
3.4473
3.74126
4.59088
3.35349
4.14035
3.33116
1.81403
3.18532
3.59173
3.77914
4.06734
4.61374
5.15663
4.65809
6.31986
5.19895
4.19015
4.8997
4.44462
5.33918
5.39357
4.50915
6.36147
3.0135
5.72888
3.55422
4.35971
4.4588
4.5587
1.75291
4.6893
3.21979
4.83351
5.16346
3.46069
3.56464
1.80662
4.97556
6.40593
5.45036
5.38116
3.68853
4.92179
6.46533
4.96455
3.23751
3.10251
3.517
5.89683
5.79442
5.38049
6.01108
5.19678
5.03933
4.41078
4.24261
5.12198
5.94451
5.5186
4.66777
6.26428
4.93078
3.73401
3.46346
5.38662
3.42975
3.57143
3.91073
5.62516
4.78802
2.90047
4.52257
4.17476
3.5716
4.6299
3.49128
1.76008
3.34784
3.83377
5.25399
5.53941
6.3379
3.83517
3.49108
3.86679
4.48075
5.46433
5.46072
3.83811
5.32264
5.01979
4.78791
4.75678
5.44731
6.3595
6.31719
6.54792
5.08983
3.6889
3.42535
5.54295
3.30623
5.27141
5.16632
6.5739
4.87357
2.13309
2.10887
5.67442
3.37961
5.00907
2.5355
4.07625
4.93443
3.59132
5.05551
5.56858
6.0858
3.61627
4.00018
4.75773
5.85163
4.93723
5.05234
3.53576
5.00585
3.62641
3.84815
3.80762
4.54699
5.47433
3.25483
1.98155
5.30385
3.65394
5.37761
3.70282
3.75339
4.82336
4.8042
4.99825
4.63489
5.10802
5.40767
5.57631
3.734
5.10865
3.48455
4.26327
5.6428
3.74027
3.4078
3.50774
4.98063
5.22341
3.3255
4.3873
3.40612
3.45338
4.20706
4.4038
3.40523
3.29744
4.27299
5.98784
1.80635
4.933
4.89412
1.79419
3.40472
4.24103
3.31433
4.99426
4.3199
4.16375
6.77501
5.36265
4.46626
5.01735
5.11625
3.4574
4.58386
4.97612
4.26309
4.42666
6.32646
5.85599
4.86692
4.84209
3.64328
4.85583
4.78194
4.89657
4.18758
4.84735
4.25869
4.32032
3.54231
5.92817
3.50267
3.39219
4.92932
4.85719
4.99955
4.50526
1.80075
1.79428
1.82622
5.85496
1.99186
3.57968
4.39488
3.36177
3.30518
4.81817
5.40514
6.41449
4.45014
5.07459
4.80884
4.41813
5.11285
5.03088
4.91949
3.51098
3.90575
3.59671
5.42918
3.71164
2.11567
3.99881
3.7251
3.66364
4.64026
5.58385
3.87996
3.64862
5.35742
5.72642
4.71035
5.98329
4.64807
5.23303
6.66302
1.84402
1.79192
3.35202
4.5281
4.58684
3.49784
4.98408
5.6143
6.00376
3.28653
3.72143
4.27407
5.74644
4.86132
4.91378
4.93635
5.79127
4.89811
4.76925
5.00681
4.81294
4.94881
6.26067
4.69349
4.32521
4.46325
3.96887
2.12563
5.56907
4.92187
5.22567
4.63475
4.00792
3.64297
4.94089
3.40945
4.54769
6.81576
5.25219
3.51203
3.41893
5.44633
3.49161
5.10931
2.87921
3.3702
4.99532
2.86044
1.81768
3.32047
5.50958
5.53775
5.22946
5.0881
6.38652
4.92757
4.35538
5.00259
4.67911
6.32857
3.3425
1.79063
5.14094
5.2378
5.16821
3.23256
3.63675
5.37915
3.9976
3.4565
3.45981
2.12426
3.2713
4.88287
3.61988
3.58769
3.71519
3.62921
3.8185
5.51041
3.75895
2.77748
2.15689
3.41027
5.70267
3.76977
4.98099
4.80151
4.73681
3.11033
5.89305
5.43974
5.83003
3.30731
4.65499
3.2387
1.76994
3.84393
4.24413
3.29363
4.65372
5.17909
6.27923
4.10799
4.79101
4.34908
5.64684
5.00967
5.28712
5.39311
4.4232
3.73279
5.93962
5.05163
3.64852
2.15031
3.4737
3.8498
6.18904
5.48043
3.94455
3.82105
4.5562
5.21623
3.99441
2.56361
5.40843
3.64585
1.78516
2.51334
4.41392
5.00266
5.81948
5.86247
4.82675
4.70865
3.67053
3.88324
3.88085
5.5378
3.77267
3.70089
2.11415
2.13084
3.10002
3.69075
6.34967
5.74389
5.12083
5.45879
6.72184
6.24514
5.35861
4.52151
5.40256
4.59446
5.67245
5.34207
5.46677
2.11329
3.3285
5.14118
3.86359
2.2065
5.22043
5.01811
3.79677
5.4748
4.60736
5.84695
2.9321
4.0625
3.66349
2.15301
2.12708
4.55624
2.1257
3.40928
3.80079
2.15022
4.61593
6.95624
5.00785
5.62491
4.90797
5.2501
5.42324
4.64703
5.10845
5.17674
5.63408
4.45362
4.58483
5.35269
3.66346
6.43601
4.63231
4.74538
5.57657
5.13364
5.4216
5.75295
4.65832
6.13724
5.05775
3.89594
3.63453
4.64599
6.64028
4.9729
4.81828
6.15491
5.67785
5.67812
5.53862
6.41048
6.70224
5.66022
5.32732
5.25296
4.57506
4.67616
2.1622
3.74954
5.13479
4.91645
4.92856
5.27369
4.29197
3.63283
3.53548
3.83067
3.4882
3.85024
4.54105
6.2976
6.09411
5.88186
5.21562
5.36777
5.54326
3.01096
5.1687
5.77109
3.98994
3.86111
6.87219
3.69591
5.76141
1.91249
3.37381
4.27142
5.75973
4.59985
5.43929
4.45597
4.38601
4.65485
3.60443
4.61111
3.66326
5.00209
4.91384
3.69561
5.26182
3.21504
4.50585
5.8741
4.57849
5.17884
5.86144
4.66061
6.09678
4.27316
5.77539
6.53573
5.06578
4.81288
5.43605
6.75167
5.15501
4.94618
5.48082
5.5727
5.13653
5.6371
6.32272
5.32394
5.62419
5.09717
6.30152
6.06527
4.58562
5.10518
3.83644
4.48103
4.79003
4.99981
4.79756
3.68337
3.82944
3.61867
3.70784
4.9891
2.84367
4.94435
3.75473
2.24582
2.12642
2.10853
5.5741
5.28673
3.5304
2.13
4.20352
4.57954
5.78866
3.62887
4.08492
3.21248
3.73183
5.12786
5.33991
6.51761
4.60796
5.62275
5.33979
5.42359
3.69183
5.94369
5.98347
5.25982
3.06611
3.7566
4.82046
5.28243
3.89756
3.16264
3.47821
6.56536
5.03298
4.98103
5.59287
4.53661
3.80239
5.03322
5.45969
4.70907
3.57877
3.64184
3.87011
4.68422
3.83522
4.70004
5.00935
3.68661
6.3298
2.14933
3.75334
5.39335
5.11599
3.59491
3.76806
4.08031
4.47363
5.0444
3.32235
3.71677
5.15662
4.6516
3.62335
5.23541
5.23018
5.43301
5.45504
5.3398
4.86437
5.48293
6.60146
4.66275
5.90815
6.27931
4.58685
5.36477
5.32055
4.28557
3.61889
5.73467
3.46226
5.28796
4.34879
4.56306
5.32795
4.42223
5.23249
6.65159
3.82068
5.89832
5.67938
6.51004
5.67259
5.26008
3.73258
3.83512
5.50272
5.29625
4.6232
4.64144
5.72745
4.72451
6.17984
4.37264
4.47906
3.57895
4.96375
4.2701
4.918
4.67049
6.62136
3.95635
4.89388
5.47734
3.86839
3.37334
6.13835
4.98146
3.60014
3.36959
2.1535
3.18313
3.80767
4.54799
4.83643
4.7346
3.50964
4.18647
5.26893
5.02962
4.15487
3.3723
2.35386
5.22004
6.18718
6.46752
4.72874
5.09057
4.20522
3.7248
4.96388
3.59435
5.96565
4.4193
4.23196
5.99119
5.06733
4.31171
5.07522
4.90007
3.35345
5.06269
5.59329
1.79262
4.91885
2.16925
3.79542
5.0253
3.80168
6.47793
6.49421
6.2159
4.68281
4.35286
5.21737
4.50001
5.61924
5.45996
4.71191
3.75979
3.74901
5.03863
3.39272
5.32906
2.22626
3.83559
3.79949
3.42163
3.90867
6.40841
6.16738
4.53599
5.09209
5.68194
4.4437
6.30194
5.47079
3.75105
5.35669
3.78591
3.77061
5.1801
2.13035
3.64764
2.13296
3.51825
4.47844
3.66664
3.71639
2.29203
5.10959
3.11933
3.86687
3.941
3.74705
5.45754
4.48333
4.35863
2.15357
2.90108
3.87326
4.5693
5.36323
4.09666
5.10328
4.52005
3.87205
6.10784
3.72335
5.85745
4.32732
4.23085
4.77081
4.87897
4.59232
4.75448
4.03622
4.93087
3.03898
4.47099
2.12962
3.60688
3.40729
5.69609
4.60448
2.18179
3.87087
5.4209
3.42223
4.52247
3.7041
3.79385
4.91134
3.44516
5.28351
3.69138
5.59342
2.26141
5.28952
4.86101
2.31644
3.76749
4.17347
3.69448
5.13294
5.0803
4.92964
5.17459
5.79812
3.40546
3.26049
3.79228
3.52233
2.14204
1.80413
3.44987
3.45819
4.97509
3.36145
6.22136
4.47073
4.98547
3.30472
3.42004
3.83654
3.86802
5.11392
4.97006
3.61569
2.12637
3.40165
3.62007
2.11712
2.34654
3.78772
2.10031
