3.52313
3.63047
4.26194
3.87413
4.38411
4.46242
6.79985
4.69835
4.57272
5.33529
3.93912
2.11148
3.68065
3.3854
4.29786
4.27625
6.92105
4.96916
6.79925
6.34355
4.98859
4.34497
5.434
4.85548
5.14437
4.80368
6.46253
4.75956
5.78917
4.60883
4.72802
5.68153
5.71809
6.17584
4.71505
7.13687
6.29377
4.39478
4.57981
4.6815
6.51917
2.13905
4.54491
5.35267
2.11414
2.10755
6.69107
5.68182
2.15435
2.11792
5.29601
5.68201
2.14528
6.17372
5.72368
5.1113
2.13119
3.89866
6.10951
2.12241
2.12534
4.69152
5.61614
2.11351
5.99009
5.03014
2.11384
2.08749
5.66021
3.59662
2.12879
6.59067
6.67323
2.09925
3.71556
5.91733
3.12352
2.12521
4.768
5.26203
2.11835
4.55712
5.64535
2.09524
5.71366
4.87435
5.28364
2.12255
6.53524
5.33809
1.80339
6.17287
5.51454
1.97683
1.77333
5.77403
3.56053
2.15772
5.70315
6.60514
2.12135
5.87923
5.11102
2.08528
2.10317
5.65907
5.31646
6.14294
5.53263
5.12744
2.12821
6.22629
6.55995
2.09873
2.33136
5.57236
5.37753
2.12933
5.75783
5.95235
2.13563
2.1434
6.17263
4.37039
2.1174
5.75782
4.69096
2.33552
2.1262
6.71116
5.56715
2.1408
5.19353
6.13303
2.10752
2.10196
5.62703
2.13662
6.64261
4.67733
5.24711
2.1248
2.09465
5.20019
6.50312
2.13692
5.78659
4.9984
2.12119
2.11422
5.94362
5.59264
2.12783
6.67745
4.65614
2.08956
2.09771
5.21447
6.94566
2.15352
2.10292
6.17775
4.504
2.11036
2.17382
5.64652
3.44181
2.12843
6.33564
5.23026
2.11163
3.57807
6.56372
2.14146
2.14311
5.0287
4.42746
2.14633
5.07476
4.25123
2.12109
2.17006
5.46352
5.50948
2.1518
5.10453
5.26046
2.1021
5.3043
5.02663
2.13351
4.7437
6.70183
3.64568
2.12361
3.75838
4.97221
2.09831
2.11434
4.74783
5.39179
2.82638
3.88956
5.44508
2.11422
3.33396
5.00083
6.65737
2.14004
2.09674
6.65993
2.11282
2.14428
5.98524
5.81388
2.13515
3.77185
4.7806
3.35685
2.16862
6.58026
4.95483
5.07885
5.65517
5.63813
2.16534
2.10447
5.67636
5.23215
2.1223
6.76056
5.2257
2.12098
2.1224
5.50486
5.47453
2.13038
4.89082
5.71727
2.132
2.09371
5.78946
5.44601
2.12131
2.14225
5.17421
2.13717
2.12293
6.23686
5.91824
2.14667
2.2033
6.75384
2.13678
2.12924
4.92998
2.11718
2.152
5.16899
4.36118
5.73278
2.14159
5.3071
4.82545
2.13432
3.76371
6.03963
2.12159
5.47705
5.95285
5.05158
2.15329
3.73855
4.79011
2.14678
2.21837
5.24746
4.90536
2.12836
2.16442
6.598
3.73976
2.10663
4.92458
6.00396
2.11794
2.10606
5.19611
5.2651
2.26986
4.54738
4.49372
2.12836
2.1083
4.98762
2.12147
2.14016
4.74994
5.5913
6.16945
2.09944
5.97812
2.11852
2.15577
5.47049
5.71415
2.13192
5.32199
5.07209
3.33654
2.108
3.42444
5.21283
2.11516
2.14682
4.79815
3.56065
2.14338
5.54583
6.26934
2.33487
2.08615
4.72564
4.23779
2.1406
6.13557
6.71581
2.3007
2.13491
5.76159
3.04696
2.10012
5.55824
6.13592
2.12874
2.14222
5.2126
2.127
5.02849
6.19372
6.02007
2.11956
2.13256
4.2506
3.71722
2.10405
5.67013
4.96215
2.1213
2.33382
5.71402
4.51967
2.13161
3.68436
5.16184
2.13732
2.10875
5.4555
4.37245
2.13603
2.135
5.6237
2.13292
2.12552
5.02882
3.65214
2.09114
4.43601
6.67401
2.1191
2.11612
6.10173
3.60473
2.1341
5.067
5.19163
2.14913
2.09462
4.72441
5.46592
2.16601
3.83199
5.75767
2.13539
2.11616
6.66099
4.73551
2.34812
2.1397
5.73567
4.57061
2.10451
5.49496
5.08197
2.13998
5.3754
4.67817
2.09566
6.97077
4.1891
5.24487
2.09988
4.76826
6.71923
2.60061
2.09941
6.33756
3.65107
2.14301
3.49607
4.31172
2.31064
2.11036
5.92879
4.40331
2.11335
5.30814
5.67989
2.12928
2.14725
4.81263
3.06977
2.19504
6.69065
4.73812
2.1057
2.66449
5.48074
2.13148
5.22609
5.21011
4.52326
2.09893
2.12028
6.24642
4.51909
2.18737
5.84961
6.17313
2.12519
2.11049
5.74477
4.65345
2.11645
5.6054
5.5049
2.13837
2.10645
6.34062
2.14858
2.09668
3.90683
6.40208
2.33331
2.45539
4.96825
2.12986
2.1338
6.2702
5.29001
5.86286
5.9708
6.94333
2.13083
2.12398
5.4467
3.73765
2.14753
5.6961
4.78582
2.12661
2.13099
6.28424
4.75555
2.37498
3.82995
5.74934
2.1659
2.10376
6.23081
3.74272
2.13349
3.77336
5.69897
2.14236
2.15015
5.69741
5.02897
2.0981
4.02163
4.70181
3.04011
2.13796
6.58441
4.99084
2.10828
3.75299
5.45567
2.12674
5.33252
5.79308
4.7112
2.1596
2.08341
5.98363
3.64203
2.13821
6.30366
5.11384
2.12837
2.13563
4.76703
4.6513
2.15494
2.1987
5.61077
3.66153
2.15693
6.12271
5.78017
2.13722
2.13215
5.24986
5.03436
2.10924
4.17069
6.19727
2.12158
2.13569
4.73655
2.92259
2.13246
6.28778
5.2583
2.11407
2.21203
5.91929
2.12326
5.34021
4.94948
5.45572
2.11631
2.12943
5.13026
2.10798
2.13214
6.52107
5.02502
2.10063
2.10113
4.57558
2.13235
1.77681
5.74359
5.21497
1.8191
1.77358
4.90641
3.36752
2.13653
6.1846
5.66273
2.31889
2.09894
6.35809
4.51223
2.10523
3.83856
4.90981
3.03642
2.11881
5.74033
2.11066
2.13908
5.44996
6.40557
2.09495
6.63116
4.88078
5.18906
2.14587
2.1903
5.91952
3.89917
2.12906
5.74498
6.96428
2.32106
2.12529
5.16732
3.76158
2.15711
3.87767
4.57334
2.16815
2.08901
6.11902
5.85183
2.1385
1.7651
6.13363
4.77207
1.76596
5.31093
5.50376
1.97384
2.14484
6.69458
3.15668
2.1037
5.74967
5.37205
2.13558
2.12022
5.32753
2.10493
5.53587
6.35006
5.7278
2.1568
2.10991
5.69675
4.64462
1.80914
4.86601
5.90044
1.79059
1.79011
5.96788
1.77065
1.80288
3.5736
5.90096
1.79951
1.75359
5.08681
3.97003
2.14379
2.12146
6.58592
2.10931
2.12428
6.31574
5.17098
2.11788
2.18018
4.92584
3.61
2.11845
5.32244
4.19788
2.10059
3.7847
4.29781
3.04207
2.14727
5.23923
5.9598
2.1076
2.88099
4.70212
1.77806
5.31941
5.69674
5.91473
1.7959
1.76526
5.43664
3.56305
5.53062
4.68354
4.69804
1.76519
1.76574
4.89417
1.79485
4.96277
5.7848
6.54553
2.11571
2.15943
6.1461
3.63218
2.27309
5.27316
5.86739
2.16007
2.09432
6.29341
2.33645
2.11868
3.98581
6.72265
2.10452
1.7998
5.53988
4.6655
1.76304
3.21671
4.36472
2.18146
2.10364
6.21649
3.17152
2.13
2.97503
5.65298
2.11552
2.09555
6.57926
2.11709
2.13082
4.65251
5.58593
5.73812
3.94109
5.78512
2.1014
2.10294
3.82959
4.70915
2.14176
5.55865
5.68036
5.90638
2.14225
2.14203
6.23328
4.82193
2.12333
5.08272
5.54437
1.79012
1.81906
5.448
4.91141
1.77941
2.35148
4.15071
1.78567
1.781
5.83357
4.11245
1.77115
1.79794
5.90891
4.18298
1.78466
2.92201
4.79518
1.79305
2.13923
4.81926
5.98473
1.77393
1.77232
4.36313
1.79912
1.79796
5.85144
4.3482
1.81754
1.82735
4.7734
1.79184
1.79018
5.47055
6.13354
5.46708
4.5826
4.01991
1.76961
1.78274
6.3201
5.3511
1.79697
4.37786
6.34782
1.99113
1.76729
4.29937
5.48019
1.79666
1.83317
5.42512
5.75803
1.76825
2.10456
5.55675
3.40058
1.78857
3.51003
5.62361
1.7957
1.77587
4.27571
5.63247
1.78513
1.80216
5.11189
5.90037
1.78786
1.77444
4.73078
3.36222
1.78903
3.46512
5.42027
1.77543
1.77783
5.0833
5.94892
1.77947
1.77331
5.73644
3.08918
1.78438
3.30548
5.92099
1.75207
1.77942
3.2594
4.48724
1.79548
1.79964
5.38145
5.47224
1.77109
1.797
5.13847
1.78184
1.75116
5.57856
4.55825
1.78877
2.01877
4.18907
4.158
1.75258
5.30784
5.168
1.77236
1.79496
4.31092
4.42978
4.35647
5.06957
4.62935
1.77024
1.86512
6.32986
1.781
1.78166
4.18842
5.49102
1.80934
1.75397
4.32874
1.82338
1.97455
5.35762
4.2073
1.78314
1.78745
5.4395
3.80454
1.78474
3.24657
6.75826
2.11278
2.11899
6.28822
3.86768
2.10152
4.83584
5.08376
2.13261
2.12695
5.61169
3.71745
2.3161
6.19767
5.98055
3.04757
1.78984
4.83977
4.20648
1.78779
5.26809
5.64219
2.12423
5.92111
5.17463
6.02637
2.16181
3.93504
5.20629
2.15353
6.25474
4.23781
5.7813
2.11959
2.12726
4.85725
4.50244
1.79595
5.55011
5.16523
1.7589
1.7886
5.68099
4.86103
1.79147
1.76237
4.34383
2.50603
1.80282
5.20589
5.26674
2.17454
2.11516
5.12489
2.31395
2.1194
5.36132
5.74061
2.09971
2.11349
6.61598
2.13189
2.11759
5.4991
5.46353
2.11256
2.16901
6.14921
2.12732
2.13297
5.50678
6.47598
2.12814
2.11441
5.37942
4.59958
2.13069
2.17968
5.71995
2.1405
2.12184
6.23582
5.12551
3.06788
3.30823
6.09516
2.13018
2.13697
5.50096
2.14765
2.12692
5.29321
4.67674
2.12827
2.12011
5.10637
3.50331
1.77945
5.43344
5.26853
1.7844
1.76739
5.76547
5.63683
1.76687
1.78709
5.62758
1.8035
1.75824
4.87584
5.07858
1.78324
1.7832
6.60501
1.80033
1.76398
3.63177
4.88823
2.13708
2.09874
5.01808
5.26063
2.13217
4.86807
6.27836
2.11895
2.1249
5.25253
6.15866
5.12981
3.76252
5.49065
2.14273
2.10113
4.89333
5.35633
1.76342
4.43123
4.29876
1.80943
1.80652
3.66541
4.46194
1.75131
2.12155
5.39162
6.3931
1.79091
1.76109
6.153
1.80228
1.81084
4.23418
5.941
1.82776
1.76938
6.10206
3.27673
1.78236
3.16224
6.41057
1.82149
1.77767
4.44468
4.88657
1.77565
1.82097
5.12804
1.79429
1.77914
5.47348
3.3056
1.79269
3.59829
5.98727
1.78711
1.83735
5.6276
3.54524
1.78269
3.11655
4.44505
2.77701
1.78134
4.38753
4.99745
1.7738
1.87988
5.31202
1.83967
5.38368
6.278
4.46442
1.81018
2.84828
6.47776
1.76216
1.77742
4.48393
3.99405
1.81157
3.50652
4.56341
1.77267
1.83297
4.65111
4.65532
1.79065
3.38207
5.82698
1.79301
1.80848
5.2992
6.12273
1.78074
1.79102
5.39684
4.92845
1.78578
4.63435
4.65107
1.78669
1.78391
5.70196
1.80101
1.77603
5.57707
5.42414
2.8126
3.61852
5.99321
1.82178
1.78298
5.40841
5.4532
2.66665
4.94846
5.81791
1.78974
1.77305
6.01788
5.01403
1.77689
6.34813
5.43884
1.7995
1.75861
4.47042
4.06499
1.78103
1.77086
6.40112
1.79338
2.08814
6.50432
5.91793
2.12994
2.26888
5.23278
2.84322
2.11411
5.94682
5.0483
2.13201
2.16248
5.21364
4.2557
2.13661
6.02725
3.37306
1.76502
5.15211
5.66372
2.77894
2.11161
4.73912
5.33573
2.11069
3.83917
5.3945
2.12901
5.74944
6.30217
2.10162
2.11767
4.23742
4.7646
2.14972
2.1144
5.61097
4.59073
2.11481
3.77306
6.35908
2.09305
2.09041
5.8212
6.18159
2.12106
2.22865
5.48366
2.08651
2.10028
6.2355
5.87624
2.1205
2.31789
5.38969
3.45215
1.80369
2.73454
4.75901
1.8063
1.78721
4.6898
1.81606
1.76495
5.0393
4.43538
2.82097
1.76459
5.87881
1.76734
1.78667
2.71623
6.11004
1.78661
2.68361
4.78423
1.82751
1.78113
3.58597
6.29119
1.77239
1.80239
4.85224
4.39805
1.78248
1.79693
5.19884
4.73635
2.10819
6.69368
5.63279
2.13291
2.11023
4.78728
6.42238
2.12715
2.08969
6.23299
3.22785
2.14727
4.1675
4.88411
1.82451
1.80447
4.9503
5.25039
2.63543
3.17013
5.46292
1.88852
1.77565
5.5374
4.25224
1.77144
3.30353
6.4379
1.80149
1.97435
6.15231
4.53884
2.86429
1.89408
6.19798
1.79407
1.80085
3.81947
4.53531
1.79146
6.75208
5.2176
4.2338
2.10446
2.68174
6.12759
2.12741
2.13109
5.0046
5.0074
2.14519
2.32496
5.6103
4.65957
2.1141
2.18456
6.4006
2.12645
2.12842
5.66966
5.26129
2.11287
2.12911
6.12418
3.33647
1.80311
3.41868
4.96823
1.78626
1.78743
5.35949
4.35394
1.76778
1.7947
5.11694
1.78132
1.76674
5.45397
6.44956
2.14302
2.10607
6.67662
4.59179
2.10843
3.4098
6.69361
2.24467
2.11936
5.3896
3.65946
2.13703
3.92764
6.57973
2.14042
4.87432
4.95209
3.38574
1.77977
4.62627
5.50547
1.9828
1.77076
4.10179
4.51597
1.79404
1.78995
5.93608
3.31369
1.78295
6.24934
5.72288
1.76944
1.77113
4.89979
1.79353
1.97073
5.17611
4.91261
1.8253
1.77618
4.8063
1.79882
1.78359
4.41572
4.8385
2.78504
4.50222
6.34385
1.76743
1.78208
5.34935
4.15139
3.86266
4.96693
5.00007
1.81981
1.77624
5.04763
1.79283
5.30893
5.31355
3.19924
1.77203
3.85484
5.00393
2.12885
5.85263
5.20071
3.70197
2.11023
4.18006
5.70142
2.12656
2.11174
6.54283
2.1146
2.09451
5.90689
5.4644
1.78818
1.76997
5.51243
5.19661
1.79076
3.57302
5.40066
1.78417
1.76725
6.63334
3.8374
2.12892
5.2685
5.86627
2.37207
2.1034
4.62866
3.80273
2.13462
3.29911
5.2516
2.14546
2.11497
4.50226
3.53274
4.63743
5.72482
4.69434
2.1274
3.54406
5.70893
2.1076
2.11474
4.70769
5.39772
5.75176
5.87378
4.35992
6.04492
5.18407
5.86638
5.84784
5.48199
5.64369
5.44308
4.15424
4.70265
5.07397
4.65638
5.39263
6.30214
5.43162
5.52883
4.24995
3.06473
3.29354
3.42363
2.67169
