3.29834
3.39298
4.10437
4.24393
4.81282
4.93496
6.15457
4.53253
5.31072
5.41562
3.9157
6.69693
4.90208
3.45321
5.31146
4.48168
5.26558
4.5019
4.69192
2.99804
4.35247
3.41875
4.19465
5.07318
4.56773
4.28161
4.05345
5.92823
5.01737
4.72718
2.2718
2.28912
4.44782
5.33124
2.10435
6.41116
4.94136
2.10428
2.12232
6.12958
5.1265
2.11319
6.50172
5.3764
2.13169
2.11706
4.95703
5.46716
2.11814
4.72628
6.20793
1.79484
3.43474
5.2818
4.41182
1.75866
6.16858
5.34297
1.80721
3.27168
4.46488
1.77462
1.79043
5.15001
5.42985
1.77279
3.9876
4.89629
2.45967
1.79078
5.38277
4.5196
1.78972
3.96189
5.8551
2.11196
2.11927
6.5036
5.25014
2.12053
4.63627
5.7936
2.10637
3.9037
6.32574
5.34881
2.35031
5.73219
5.50424
2.1542
3.82342
5.48044
4.97481
2.14023
5.82997
4.93075
1.80254
2.90525
4.6768
4.09465
1.82076
4.2084
6.20742
4.92345
6.42909
6.32732
4.39199
1.77867
3.52265
5.47109
4.91529
1.80227
5.37396
5.38968
1.79629
4.75988
5.30975
2.1826
2.12641
5.81302
3.72849
2.14804
5.60276
5.116
2.09716
3.79975
6.19263
6.17413
2.11267
5.42688
4.77284
2.126
6.55633
5.10798
1.80277
1.78041
5.46272
4.67769
1.82828
6.16614
5.18277
1.79099
2.81551
5.84964
6.38277
1.79413
4.54627
4.79374
1.79821
2.00284
5.51347
3.42818
1.85795
4.38144
5.84173
1.77847
6.39003
4.8857
1.7638
3.65243
6.63856
2.19379
2.13124
5.05749
5.46388
2.10136
3.74423
5.23856
3.55607
2.12144
6.18003
6.31465
2.12286
2.12711
5.14453
5.06712
1.83386
1.93959
5.98862
3.28846
1.79591
4.65583
5.36653
1.76378
1.80812
5.43324
4.04645
1.78555
4.42129
5.57128
1.7893
3.85927
4.92097
1.78412
1.77042
3.90809
6.09344
1.76877
3.98614
4.90186
1.76561
1.77014
5.34665
6.23335
1.80305
3.6041
5.52283
1.77649
1.76927
5.35263
5.98643
1.7893
3.71251
6.10261
1.78586
1.83708
6.00698
6.00359
2.11039
2.27849
5.83191
4.94491
2.16686
6.18233
6.49617
2.13073
2.10512
6.39423
4.71336
2.10766
3.88
5.18138
2.14241
2.12125
4.90857
5.32374
1.79505
3.48822
4.88072
5.01766
1.81644
5.6457
4.96725
1.77855
5.69451
5.24033
1.77679
1.78498
5.37918
3.33424
1.76416
4.58356
6.47747
1.80765
1.90216
5.55006
1.82571
1.81066
5.93013
4.96463
1.77956
3.50775
5.40254
1.77547
1.77898
6.18536
3.69347
2.09527
5.75263
5.68843
2.12591
2.19731
5.72869
2.13324
2.11074
6.73771
6.64185
2.11399
2.15892
5.71005
4.34338
2.12761
6.69717
4.6028
1.78827
5.87362
4.57118
1.77476
1.80458
6.24932
4.83463
1.79716
3.19792
5.58925
3.55368
1.78683
6.06368
4.35241
1.84661
1.78816
6.26355
1.78765
1.80439
5.24126
5.44179
1.7838
3.44066
4.79834
3.37691
2.14599
5.88326
5.2567
2.15311
2.68693
6.6997
2.1403
2.09212
6.2715
5.18814
2.11479
6.38953
6.13236
2.15312
2.10031
5.40835
3.54071
1.83356
3.66231
6.31671
2.12757
2.16528
6.0242
4.92512
2.13914
6.18573
5.14634
2.11745
2.10895
6.38425
3.76289
2.13136
5.383
5.86022
2.21835
2.13656
5.96732
6.42689
3.32203
1.92359
5.49545
3.24526
1.80085
4.97447
5.37822
1.79767
1.7705
4.80707
5.43936
1.78329
1.99404
5.20226
4.86692
1.77403
3.52401
4.28358
1.79857
1.78102
5.76379
5.89191
1.78138
1.8261
4.42836
6.3167
2.50113
4.00269
4.92801
2.15473
2.12531
6.20902
5.29088
2.09507
2.21749
5.84834
2.15234
2.14669
5.81143
5.92449
2.11333
5.76289
5.74658
2.1105
2.11944
6.20851
3.63459
2.11359
6.36264
6.07474
2.14041
2.12427
5.86811
4.32184
2.11613
6.32371
4.14092
1.77905
1.78879
4.51567
1.78176
1.76757
6.37884
4.8162
1.77772
3.2702
5.7072
1.79428
2.10656
6.15474
6.26991
2.1234
3.50445
5.93812
2.10067
2.10582
5.20451
5.05213
2.11562
5.73072
6.01763
2.13777
2.14199
5.76051
5.06602
1.77803
4.70419
4.59917
1.86852
1.77636
4.59315
1.78772
1.82243
6.52741
3.44973
1.77831
4.92675
5.10684
1.80947
1.75422
4.00795
1.80546
1.77246
5.32693
4.60509
1.79494
1.79802
5.03299
4.93331
2.12907
6.43797
5.16871
2.11876
2.12219
5.18917
4.76432
2.12017
3.24054
5.86947
2.11766
2.10403
5.46747
5.09303
1.82482
3.51621
5.81617
1.78489
1.77148
4.81594
3.43649
1.77402
5.07786
4.3534
1.76437
1.77184
5.33733
4.94667
1.7971
1.7855
5.47136
6.61891
1.79102
1.96953
5.46487
3.54095
1.82415
5.34928
5.92967
2.11697
2.11335
6.19372
5.30532
2.12176
6.34473
5.58634
2.11811
2.13033
5.9647
4.89293
2.11093
5.4218
4.70345
2.12382
2.11035
4.98295
6.32082
1.75769
2.92055
5.96375
1.78622
1.78061
6.09031
5.32094
1.78805
1.94685
5.22007
1.79056
1.78268
6.42726
4.88932
1.98847
3.57999
5.61592
5.92099
1.85714
4.36979
2.24023
1.76688
4.41791
5.40135
1.77215
1.78279
4.78185
3.40439
1.79654
4.83227
4.89121
1.80703
1.7852
5.45787
3.32931
1.98038
5.70733
5.64625
1.81154
1.78368
6.37711
3.40226
1.77892
4.6183
5.65581
1.7751
2.57823
5.23519
5.23454
2.33886
4.42999
6.21754
2.12626
3.1229
5.64007
2.31816
2.15023
5.77897
6.13581
2.14014
3.27728
5.87504
1.78239
1.78876
5.934
4.94799
1.79592
4.21139
5.82527
1.79282
1.78979
5.48694
3.45853
1.78712
5.67914
6.62815
1.78725
2.42251
4.99158
3.35451
1.81127
5.85108
5.384
6.1144
3.56521
5.50534
1.79027
1.80307
5.25901
3.10382
1.77448
6.46997
4.65539
1.81065
1.77412
5.04969
4.9013
3.0895
6.05973
4.79382
2.35595
3.94695
6.178
2.13809
2.09004
6.6496
6.12784
2.3153
5.98148
5.04382
2.13506
2.09468
6.82958
1.88327
1.81534
3.99356
4.37242
1.7821
1.75931
4.89496
3.41763
1.81507
4.67022
4.35314
1.80534
3.50448
4.41556
3.40132
1.80199
5.92921
4.65768
1.82569
4.6519
5.46277
1.81933
1.7796
5.97664
5.3205
1.77796
5.38711
5.34719
1.76015
3.44386
4.37118
3.40633
1.77633
5.44581
4.2188
1.80355
3.47912
6.37116
1.76042
1.82076
5.15021
4.68647
1.76794
4.28482
5.97641
1.77641
1.79101
4.5774
1.79738
1.77836
5.05894
5.19768
1.99564
1.80445
5.42783
5.37404
1.78022
6.35765
3.98237
1.76706
5.75598
4.84627
1.77817
1.7867
5.65893
1.78856
1.77222
5.92676
5.77558
2.04843
1.76781
4.66432
1.80455
1.77906
6.32798
5.19453
1.78902
1.79632
4.98913
3.42075
2.00347
6.34314
4.58924
1.79934
1.90495
5.12893
1.79276
1.78592
4.63752
5.38962
1.80142
1.80256
4.70465
5.79142
1.80898
2.9133
4.90097
1.81377
2.1484
6.14064
4.70666
4.71412
3.43854
5.7501
2.15488
2.09842
6.5016
4.2101
2.12693
2.20276
6.25442
2.31971
2.09511
5.95603
5.55388
1.81259
1.78901
4.55801
4.65134
1.81059
3.16446
5.43281
1.78943
1.80138
5.36073
4.37628
1.75933
2.18202
5.71625
2.11522
2.11532
5.03938
2.34948
2.1147
6.56327
4.7634
2.11399
2.10985
5.59938
5.24324
2.17128
6.57112
4.80259
2.14693
6.57393
6.462
2.14947
2.14647
5.19724
5.17356
2.10149
5.58749
5.65048
1.79868
2.76538
4.89843
1.84101
1.78203
5.00222
4.93959
1.76909
1.75457
4.88435
1.82741
1.77481
4.96301
5.27973
2.13527
3.82077
6.72326
5.26978
2.11703
5.34834
4.78074
2.13903
5.91858
5.90975
2.15071
2.13061
4.7482
3.7335
2.12868
6.25236
6.09331
2.15787
2.13983
4.95693
2.1165
2.11109
5.28042
5.48514
2.16947
2.12269
5.24405
3.7006
2.11972
5.11422
4.725
2.1084
2.40437
4.67277
2.17757
2.09494
5.68893
2.10176
2.13156
5.42844
5.21579
6.21517
1.76539
4.33413
1.78164
1.79138
5.0999
4.4139
1.80166
2.17944
4.92626
2.13884
2.14291
4.7458
5.26952
2.13077
5.88535
6.23141
2.10504
2.14242
6.18277
4.23683
2.11062
4.49925
6.64217
1.81001
2.02666
5.09205
3.38725
1.80708
5.6082
4.36848
1.76771
1.80812
5.80716
1.78482
1.77258
5.34626
5.68913
6.722
3.84006
5.96077
2.13707
2.12378
5.72032
4.73399
2.12958
4.93562
5.59768
2.16247
2.12455
4.88825
3.8421
2.12354
6.14738
1.81972
1.80242
4.90498
4.47922
2.11984
1.78179
5.83217
6.30268
1.80004
5.20591
4.90604
1.77168
5.77066
5.38831
1.79292
3.35746
6.52865
3.63161
1.7864
3.5508
5.99174
1.77553
2.09297
5.53776
2.16715
2.11082
5.74377
5.24086
2.15615
2.10621
5.83878
2.11431
2.12656
5.95839
5.27519
2.10614
3.65861
6.08859
5.27904
1.88555
6.24307
3.27066
1.78947
6.09516
5.43591
1.76225
3.30209
4.54704
3.43518
1.84056
4.48537
4.97652
1.78764
1.79627
4.33739
1.77511
1.80586
5.29952
5.38078
1.81591
1.76447
5.29414
1.79081
1.79838
6.10395
5.75403
1.77969
2.16277
6.26568
2.14913
2.09299
4.74282
6.38907
2.13141
2.11518
4.70086
6.23526
2.12326
6.2477
5.21572
2.13772
2.1505
5.07803
1.78834
1.82299
5.86311
4.42393
1.77535
1.83359
5.66535
3.04201
1.79053
6.10374
4.97902
1.7721
3.30828
5.6223
1.78214
1.78395
4.69891
4.29429
1.82532
1.79253
5.24229
1.81175
2.1141
5.66747
1.80669
1.78599
3.42777
5.00944
1.76599
1.76953
6.34851
5.41142
1.75633
5.67095
5.02997
1.76128
3.15647
5.8493
4.62182
1.80228
5.90123
3.30317
1.78325
5.39146
5.18491
2.14126
2.16014
6.08858
3.62163
2.82009
3.34839
6.59476
2.11149
2.13871
4.7779
2.12358
2.1104
3.9166
5.56828
1.77677
1.77728
4.87129
1.98263
1.779
4.80981
5.0714
1.79567
1.8034
6.39217
1.78517
1.79068
5.75377
3.33613
1.79608
2.57158
5.4615
1.78
1.77648
4.90594
3.48373
1.76635
3.23407
6.67034
5.3234
2.10577
5.56578
2.1293
2.11761
2.17905
5.53476
5.18449
2.0933
6.51109
4.44503
2.09635
2.18726
4.75508
2.11554
5.41754
4.79753
4.07439
2.17992
2.15505
5.79379
3.29707
1.77428
3.45097
4.76379
1.7863
2.5244
5.06474
5.41165
1.78631
1.804
6.06916
1.79964
1.77682
5.64652
5.93656
1.77481
1.73858
4.39123
1.81959
1.77661
6.61193
5.80722
2.13355
2.11409
6.16484
2.14197
2.13903
5.44347
6.23957
2.11079
2.12096
4.44228
4.6
2.13381
6.65645
5.35953
1.80357
1.77943
6.35135
1.75573
1.82665
5.48584
4.17812
1.80856
1.79754
5.21932
1.80372
1.78295
5.66614
4.43388
1.78873
1.84975
5.8417
1.79571
1.7929
5.50187
5.38163
1.77308
1.78592
5.83794
3.36352
1.77406
1.8881
5.57639
1.80113
1.78121
4.59556
5.52486
1.77675
1.76512
5.34105
4.66335
1.79839
4.40935
6.40244
1.78958
1.73929
4.85533
2.01776
5.41293
6.02418
4.686
1.76582
1.75806
4.6904
5.28752
1.77859
4.64363
5.44776
1.77836
1.80563
5.57558
5.45996
1.78476
1.74855
4.50311
1.80351
1.79331
5.03211
5.52056
1.77806
1.7571
5.32709
1.80491
1.79528
4.31157
2.01826
1.76589
3.63441
5.83709
6.65227
2.11383
5.15335
2.13983
2.09358
3.77947
5.92004
2.11635
5.22913
6.28633
4.58695
2.12465
2.15588
4.65051
2.15053
2.1099
6.86992
4.06053
1.78977
3.42979
5.39029
1.76459
1.77368
5.72129
1.78312
2.00738
4.57646
4.32432
1.80289
1.77113
5.07054
5.39741
1.77378
4.83385
3.9946
1.78091
1.95336
4.46206
1.78978
5.59419
4.68946
4.45038
1.80428
4.34361
5.3359
1.79278
1.78339
6.63649
3.35925
1.77454
5.35383
4.59714
1.76137
1.77559
5.39547
1.81225
1.80349
6.2312
6.26593
1.77304
2.77048
4.31302
5.24508
1.76114
5.64289
2.12326
2.09733
5.73069
5.00301
2.10882
5.438
6.25953
5.57455
2.17846
3.20381
4.96232
5.38339
2.13956
5.51342
6.68376
2.11557
1.9885
5.21467
4.84098
1.80856
4.86969
6.40552
2.89253
1.77638
6.42153
4.81776
1.80959
2.49305
4.64204
4.17116
1.80402
4.79418
4.76828
1.78601
1.77448
4.82451
4.94666
2.12498
4.64391
5.45324
2.09821
1.79435
5.65567
5.67476
2.11188
4.75152
4.65117
2.15783
6.01661
5.12013
2.09868
6.75896
4.72118
3.79085
2.12698
6.63687
6.37209
2.13163
2.11857
5.00103
6.24488
2.15737
2.28296
5.19749
3.70337
2.11547
6.3434
4.39039
2.12418
4.49303
6.06001
2.12159
2.13075
5.62264
2.15769
2.12025
6.50217
5.26306
2.11906
2.28666
5.31923
2.13505
2.14064
4.91083
6.23835
2.12055
2.11055
7.61914
2.14932
2.10621
6.71789
4.22597
2.12263
3.75199
5.7707
2.12816
2.12359
5.74909
4.8519
2.30659
3.02372
5.20147
5.45849
2.17886
6.11666
2.13591
2.1383
6.46613
6.01881
2.08822
5.4119
5.95353
2.15936
2.09635
4.71458
5.47557
2.113
4.15083
5.67104
4.30425
1.78508
3.43368
5.41138
1.76563
2.11412
5.53887
5.17847
2.1488
3.93621
6.06077
2.12568
2.11652
6.38589
4.84522
2.12652
4.12402
5.50065
2.8367
2.10617
6.32211
5.11544
5.37351
6.53727
5.21755
5.08022
6.17193
5.71391
5.90239
5.58251
5.65732
6.76531
5.3656
5.21889
5.70493
6.04472
6.34189
5.19595
6.70324
4.67379
6.18624
5.6483
5.72693
5.48538
4.85557
4.6077
3.71188
3.63555
3.31846
2.5044
