3.34238
3.43765
3.90993
4.60656
4.29028
4.38958
5.43488
5.90104
4.50664
1.71374
1.73075
3.44999
3.79732
3.50144
3.63003
3.75143
4.72887
5.9077
7.03075
5.80457
5.75526
5.48871
5.81877
4.82168
4.95131
6.04893
6.17626
3.09991
4.11159
5.2095
4.41003
4.95167
3.37152
1.80941
4.97338
4.21994
1.74333
4.80802
4.76917
1.95915
4.35399
4.7822
3.46941
3.79576
4.70621
4.89349
2.2157
3.17001
3.7286
4.25041
3.58727
2.0634
2.05344
3.54175
3.66341
3.06691
3.84316
3.71558
2.09609
4.35176
3.21851
5.12022
3.67938
4.78182
5.09109
1.74516
3.36416
5.49482
1.72542
1.77173
5.03272
4.92148
4.61214
5.06354
6.23328
4.20361
4.37178
5.32885
2.69063
3.42286
4.41246
4.5875
4.35721
4.88698
5.64957
3.47089
1.76135
5.38758
3.49502
3.66905
4.52251
3.20476
3.35832
2.78561
5.4366
6.34358
6.70392
5.83647
4.46503
6.22557
5.02846
3.74599
4.2109
3.82549
5.16528
5.29147
6.24893
4.55555
2.11106
5.45349
3.67923
1.73985
5.06974
4.91638
5.90936
4.91689
3.33078
4.79006
3.35928
4.18096
4.33391
3.19698
3.30772
4.36296
4.8966
3.36763
5.82387
1.77313
4.78966
4.70646
6.30929
4.09501
4.69666
3.77838
2.10435
2.07394
5.27125
6.11754
5.97611
5.71043
5.81533
6.56862
6.20056
5.4692
5.29238
5.34848
4.23141
4.09375
4.38608
5.44982
5.53799
5.63863
6.06413
4.77251
5.00184
4.28664
5.11646
4.80953
4.06194
5.43044
4.06887
5.1334
4.34486
4.33786
3.98058
5.96476
5.92051
6.21898
6.00773
4.99553
6.13387
3.69852
2.1083
2.0857
2.07143
6.23359
3.85174
4.58175
4.52955
5.62734
4.54272
6.52987
6.60441
4.98999
4.2792
1.75554
4.63114
3.04913
3.02329
4.08002
3.32152
1.75243
4.09941
4.35115
5.47961
1.77317
6.39514
3.52597
4.79498
5.39816
6.49009
4.8626
5.12301
4.68951
5.40107
4.92823
3.3109
4.7275
3.1899
3.3635
6.92868
5.01525
3.9178
4.46774
3.40447
5.1387
2.11019
5.3881
5.50546
4.75485
3.82758
3.34203
3.28531
3.74882
5.30277
5.13821
4.73725
4.97432
4.29353
3.16471
3.5095
3.51715
3.38488
5.03601
4.91275
1.74404
5.22746
5.18048
5.03114
5.05473
5.50931
3.11981
5.08716
5.11648
4.52199
4.76308
3.34845
3.53052
5.03163
5.50911
3.40358
3.75794
4.11221
2.51073
1.75441
5.08327
5.02373
4.5023
4.35935
3.62235
1.76354
2.68662
5.1729
5.40903
4.98563
4.7747
3.75784
4.57362
4.33794
3.78908
3.91784
2.08733
3.7319
3.55483
3.90807
5.05371
3.67732
3.93667
4.85807
5.23982
4.39509
5.36625
4.77474
5.81162
5.43433
4.38652
5.65739
5.45013
4.63953
3.36942
4.68338
4.67257
5.21682
6.29561
4.98758
5.50852
5.35989
2.18977
2.09475
2.08218
4.70216
2.11885
5.42189
2.91617
3.21734
4.76704
6.9208
5.60241
5.81965
4.61824
5.33328
4.62626
5.82167
5.4876
4.98588
2.1153
4.80432
3.54435
2.29641
5.23888
5.04394
5.20712
5.68616
5.80588
5.14806
3.6379
1.76913
4.39626
4.90352
5.14727
1.77449
3.43682
3.34096
4.5817
6.66838
4.33268
4.89894
6.23829
3.54095
5.92011
4.39933
4.39372
5.88308
5.94488
4.25622
5.05931
2.71689
3.42459
4.94398
3.79035
3.18511
3.24845
4.81133
3.15318
4.15551
4.72214
1.74247
3.30422
4.7121
3.47179
3.24387
5.20825
1.80044
3.32618
2.14131
5.43745
5.34195
4.49591
5.53652
5.82121
3.87482
4.73943
3.55884
3.13774
4.68112
4.72537
3.34604
4.802
3.63013
4.65937
3.17766
3.18139
4.37474
5.32638
4.33637
4.41635
5.37679
5.29358
3.34403
3.68655
4.97906
3.20472
3.35494
1.73849
4.73436
4.87194
4.92576
5.05631
4.82129
5.12037
6.39477
5.93993
3.43627
4.27774
4.52809
3.76498
5.56473
5.35275
5.56998
4.56956
5.9076
5.12107
5.54535
3.74022
3.67964
3.72662
6.10371
5.75782
4.66965
5.10911
5.65363
5.23297
4.52775
4.46981
1.77573
4.56756
1.95878
3.44351
3.37065
4.92447
3.55091
4.33145
4.72576
3.42157
4.70761
3.44263
2.75369
3.26408
2.59921
3.78092
3.43071
5.42253
1.79078
4.78295
5.82011
4.66736
5.35057
3.24884
3.08722
4.97593
4.91679
3.48745
3.33609
4.69083
4.27644
4.21039
5.05784
4.56667
4.43259
5.09665
5.11032
4.61705
3.33772
4.58615
4.31407
4.61454
3.37565
4.39299
3.64305
4.25508
5.52222
3.01048
4.23069
3.41239
3.53587
1.77676
5.14762
3.46546
3.54393
3.39923
1.7684
1.73999
4.79374
4.826
5.1419
4.51329
3.48242
4.13548
6.37362
5.98569
4.25328
5.76829
5.21466
5.11011
5.30289
5.23525
5.47471
5.53211
6.20752
5.70203
5.1825
5.16136
4.95941
5.48939
4.36526
5.04437
5.77245
4.35291
4.32549
3.38043
5.64698
3.65886
4.58721
4.37874
1.78687
3.44565
1.74459
4.68592
1.76002
1.77487
4.00103
1.78474
3.23331
3.86254
3.30054
5.68449
5.75841
2.08445
5.65323
4.34175
5.71191
5.47593
5.19241
5.03626
5.51027
5.09763
3.6677
5.00142
4.23316
4.80242
5.77527
5.74267
6.08416
5.41748
2.86166
3.55602
5.63301
2.11855
3.63758
3.57489
2.15392
5.7829
5.22825
5.01544
4.43115
5.04827
5.18832
6.40551
4.39357
4.96656
3.52005
4.98438
3.65928
5.39375
3.64062
5.32683
5.45138
4.77459
5.99656
5.14428
6.40915
5.4785
5.70425
6.27246
6.41304
4.99777
4.97177
3.53941
5.3832
2.58796
5.64038
1.78416
3.2017
4.78569
4.81335
3.00037
1.76692
4.64539
4.03466
5.03328
4.39181
3.46144
3.07219
2.2895
1.88631
4.59824
3.58649
4.23447
5.30641
4.88836
5.40536
4.79692
5.92532
5.73345
4.92911
4.83202
4.58091
5.42082
4.72671
5.28469
6.00341
2.38462
4.83631
5.23087
2.12224
4.52245
2.10506
1.88864
3.3432
3.36379
3.62776
3.77029
4.77076
5.28674
4.81978
4.16023
3.92495
4.64854
4.546
4.14537
5.07924
5.41574
4.94794
3.81411
1.79964
1.86905
5.42549
3.32177
4.88664
4.11201
5.39232
5.3393
3.81247
4.70376
3.865
5.37157
4.74143
3.18946
5.14307
5.76771
6.68955
3.80191
3.71563
4.19984
5.64508
4.33476
4.54579
4.25423
2.30575
6.39917
4.48256
5.52447
6.28072
4.88261
5.37952
5.8917
4.90769
4.79502
5.4604
6.02384
4.59854
5.67286
4.12753
6.42845
5.61638
4.99065
5.45735
5.36252
5.00245
5.03908
4.29536
4.9711
5.20515
3.71054
4.83782
4.77662
3.56655
2.12634
3.71708
4.31655
5.99895
3.20403
5.7293
5.68725
4.22022
4.12882
4.57926
6.13829
4.12307
4.70571
4.46213
4.41862
4.7675
5.03812
5.05922
4.61111
6.48739
4.86199
3.37322
3.68794
5.24538
4.55537
3.88941
3.76185
5.21546
3.83738
4.93057
3.18656
4.81077
3.76263
3.64275
3.38952
4.19753
5.15983
5.35429
1.78891
5.44644
4.56489
6.4579
4.36019
3.87552
5.08413
3.32091
4.32309
5.30887
1.81719
3.35948
4.87306
3.45118
5.08705
4.92451
4.12826
4.11644
3.60287
3.46685
4.2326
4.95809
3.29931
3.32522
6.40537
4.52985
3.43344
5.78173
4.16419
1.80293
5.65792
4.87794
4.86425
5.5444
5.88717
5.93172
4.39042
3.48909
5.651
3.43336
5.96458
5.18669
2.89263
5.63432
5.41849
5.21659
5.22972
5.69155
5.08984
5.10472
5.75195
2.90895
5.28676
5.18549
3.80177
2.16061
3.7689
3.40561
5.09475
5.61434
4.64157
4.78992
5.78061
4.20869
2.12012
6.33815
5.28242
3.96619
3.7551
5.42814
5.79329
2.2099
5.25497
5.70875
3.95674
4.72389
5.68628
5.77567
6.71393
6.24653
5.14278
6.2504
5.27177
5.58274
2.12384
5.26684
5.02707
5.40301
6.04911
5.5691
6.00924
2.15097
6.0814
3.47384
2.14963
3.71699
5.46063
3.69027
5.15874
4.53142
3.46517
3.66215
5.67037
5.10962
4.84002
1.85532
5.05789
5.16683
5.19348
5.06997
5.28779
6.25057
3.51794
4.08244
4.20041
3.51213
6.09303
4.20727
5.62578
3.36593
5.82901
3.90479
5.18413
5.74005
5.85399
4.6169
3.55228
4.67893
4.53706
2.28079
5.29073
5.29608
4.63801
2.19699
5.44844
5.42043
3.78657
4.67727
6.27063
2.11774
6.46425
5.12712
6.04618
2.16451
5.29151
5.64972
5.7976
5.22529
5.19207
4.34724
5.00763
4.75391
6.45729
2.12986
5.42202
6.67861
2.12616
6.29065
5.76236
4.7039
3.84088
5.54239
4.63669
2.11922
4.71245
5.27177
3.95263
4.51734
4.41229
6.77881
6.33272
5.06119
5.17419
2.14445
4.57294
5.08286
4.85639
4.63039
3.4931
4.38717
2.48355
4.7616
4.75662
3.7925
2.33261
4.87993
5.72913
2.14662
4.91757
4.73917
3.78549
3.85048
5.77561
3.68393
3.7825
5.35107
4.84951
2.12933
5.0187
5.34407
4.9089
3.51
6.39405
5.32048
2.18197
6.2646
4.76049
3.82015
5.08187
5.14757
3.57027
3.64844
5.00465
5.46379
6.32522
2.14078
4.66605
5.39678
2.1446
2.12053
4.86875
5.85187
2.14316
6.32015
3.53242
5.10709
4.36454
5.74698
2.12791
5.73535
4.62421
5.23804
4.78354
3.72602
4.52409
2.16307
5.35889
4.92297
2.31064
4.93974
5.74279
5.71398
3.68307
3.95012
5.41549
5.11598
3.74317
5.67363
3.99508
1.79812
3.37384
4.73746
4.65423
2.13703
5.20725
6.18484
2.12567
5.95548
5.71955
4.43254
2.13358
6.53188
5.21409
2.14363
6.60314
5.49256
3.62687
2.19788
5.46447
4.98412
5.26765
4.28846
4.91408
3.81235
3.7047
4.94279
6.47914
2.12303
4.69161
5.23663
6.14984
2.29831
6.22563
5.28782
2.15495
3.7921
5.16098
3.77685
2.10909
4.85146
5.67524
3.14182
5.36687
5.4718
4.56364
2.26597
4.83133
4.41572
2.13813
4.84505
4.75867
6.437
6.40538
5.56881
2.12241
2.10787
5.01663
5.29611
3.96941
3.79402
4.14617
4.17025
2.15654
6.74182
4.86268
2.20636
2.17449
5.49452
4.19529
2.14636
6.30929
5.22048
2.14574
5.19962
7.52302
2.1067
6.2377
5.30265
2.11748
2.2681
4.59535
5.49308
5.38219
4.71057
5.97207
2.1238
5.12059
4.66866
1.78147
2.56492
4.55421
3.68831
1.78623
6.3958
5.34505
2.12254
2.11254
5.21708
2.10328
2.13704
6.2623
6.11698
2.12606
6.80088
4.85209
2.11408
5.67707
5.75456
2.11293
1.89891
5.70887
4.46602
5.99753
5.76702
6.21867
1.78209
3.98449
5.62309
2.13073
2.10377
6.14687
6.27545
2.11375
2.12807
5.7225
4.4167
2.13467
6.26986
5.68815
2.12022
2.13905
6.46163
3.73402
2.16862
5.82861
6.48746
2.14683
4.64213
5.46745
2.0992
2.13952
6.59309
6.15328
5.80331
5.32457
4.87995
2.12886
2.12999
4.85021
4.83003
2.11706
6.81905
5.31464
2.13076
4.23571
4.33507
2.50969
1.77485
4.49605
1.78923
1.78882
6.11953
5.34536
2.09656
5.98571
5.99546
5.7014
3.8323
4.77867
2.15189
2.12793
6.50856
5.8694
2.11222
5.00445
5.77357
2.12284
2.10042
4.93801
4.69701
2.11938
5.98686
5.76771
2.13078
2.1298
5.23079
5.32683
2.13038
5.67332
6.73741
2.14567
2.15636
5.92323
4.41261
2.11892
5.15058
6.75137
2.13931
2.14989
5.54242
3.72131
1.78493
5.88466
5.73767
1.78113
5.91245
5.33498
1.78338
2.10172
6.40307
4.81573
5.46929
6.22236
4.51465
2.12647
2.12347
5.66074
4.62583
2.09951
5.99533
4.74908
5.2619
2.11877
4.60685
5.43248
1.79038
1.99094
6.16152
5.0092
1.78149
1.77897
6.3157
3.30996
1.78994
5.45011
5.42691
1.79431
3.46227
4.45904
3.35142
1.76857
4.37073
4.437
1.97784
3.2564
5.85937
3.47777
1.79144
6.34783
4.31994
4.38638
3.18838
5.91437
2.13342
1.77685
6.54255
5.36961
1.79171
5.08063
5.81959
4.56478
1.76899
4.58511
6.40484
1.7905
1.97065
6.03668
3.30247
1.78511
6.3023
5.47127
1.7696
1.78868
6.21869
3.77651
2.13353
5.96056
6.20504
2.13109
2.09773
5.82926
4.68145
2.12059
5.77067
5.18165
2.13771
3.98717
5.33167
3.28229
5.33912
5.18204
5.04777
1.7751
2.81291
5.80212
1.76834
2.16972
5.45705
4.35888
2.11249
3.9365
4.83833
2.11884
2.10137
5.0194
2.14768
2.11771
6.17074
6.4773
2.14045
3.68534
5.77545
2.74586
1.78107
5.34447
1.8474
1.76384
4.75479
4.21197
1.79519
5.22103
6.10284
1.78266
2.48615
5.25951
4.54251
1.77555
3.16808
4.46456
1.97375
1.76813
4.66822
3.35214
1.78564
4.17705
4.80324
1.7564
1.81045
4.51313
1.79208
1.76991
5.11041
4.8905
5.37183
5.27935
4.08687
1.80419
1.77324
4.97082
1.79971
1.7702
6.28708
3.36863
1.80314
4.98976
6.46934
1.83144
1.80924
4.73613
3.53395
2.15701
3.96543
5.83767
2.10683
2.10404
4.97401
3.6487
2.0836
5.59765
5.43156
2.28725
2.12858
5.69129
2.11866
2.11371
6.45638
5.38831
1.79484
1.76075
4.44909
4.13534
1.76415
4.91232
4.69217
1.84124
1.83799
5.46494
1.77635
5.1194
4.42656
3.43631
1.78503
2.84647
4.94206
1.78232
1.7902
4.75949
4.63333
1.80465
4.94017
4.3426
1.78032
1.77751
6.10431
1.78447
1.78769
5.4213
5.36115
1.80645
1.75609
5.95645
4.19592
1.77138
5.5248
4.49676
1.78947
3.57292
4.80307
1.78922
6.09946
4.3219
4.20644
2.09889
3.42187
4.33892
2.09478
2.12329
5.60515
6.25312
2.09536
2.15217
6.59894
2.1206
2.09126
4.45867
5.92611
2.14026
2.34653
5.35664
3.39077
1.76925
4.51209
5.14527
4.72516
4.67256
5.12859
4.37187
5.36553
4.69435
6.147
4.87634
4.13987
6.53226
4.78965
4.8937
5.40324
5.07449
5.84491
5.75797
6.37544
4.56804
3.38053
2.71391
3.43095
3.34621
