3.45273
3.77755
3.85768
3.92885
3.50819
4.76585
6.20942
5.43888
4.36986
4.767
2.8953
4.46398
2.86845
4.27925
4.78708
4.60787
5.48222
4.08202
5.31575
5.54806
5.35385
6.62351
3.88754
6.42622
4.96386
4.14038
4.50901
3.9128
4.5357
5.08899
4.91589
5.41439
4.4425
6.40818
5.98558
5.32095
4.66747
5.07139
3.45588
4.70065
3.79074
6.2494
2.11516
3.7586
4.61618
4.54697
4.39798
5.06776
6.23258
6.73511
6.41875
4.73788
4.20432
4.43488
5.48018
5.95744
4.68723
5.56368
6.32382
6.64202
5.26652
3.7018
4.33506
4.76065
4.82689
4.67911
4.57055
4.41883
5.97082
5.2231
4.37549
5.12761
5.4093
6.10401
5.13179
6.58509
5.34583
5.20001
6.5072
5.51211
4.65683
5.32407
5.29914
5.27416
6.3774
5.34229
4.83259
5.27664
4.70923
4.77115
4.17391
5.23102
5.27941
5.08036
4.7725
4.81416
5.09696
5.6017
6.14471
6.36773
5.33653
5.55992
4.19574
5.63016
6.05244
5.39584
4.82602
4.37302
4.98272
5.68915
4.96419
5.73751
5.75702
5.706
6.40869
6.01733
6.2837
6.6685
5.53289
5.30304
6.3212
4.71741
5.78416
5.04417
5.15597
5.76931
5.54764
6.41575
6.50121
4.75903
6.62607
4.96139
4.67345
5.39802
5.74634
6.29838
5.3862
5.93399
5.50965
5.53582
5.05043
5.17768
6.48676
4.51008
5.11497
6.06701
4.56059
4.63293
4.65411
6.03517
5.1203
4.80904
6.11244
5.82784
4.73317
5.22964
4.51305
4.89316
6.235
5.63331
5.83041
5.75172
5.9819
5.20627
5.70667
4.34199
4.71674
6.25247
3.95332
5.8622
5.78823
4.0396
6.29984
4.78948
4.53465
4.87886
4.94861
6.18932
5.94407
5.60146
6.33944
5.59509
5.59931
5.66889
5.39192
6.09957
4.5879
4.6616
5.99247
6.53358
6.13056
4.49981
5.69519
5.8637
5.60378
5.56002
6.33265
5.29224
5.88108
6.00822
5.34289
6.07
5.66318
4.8112
5.47286
5.84887
5.93429
5.6259
5.41368
5.93825
4.32044
5.38323
5.27436
5.42917
5.96184
4.39925
4.7827
6.34212
5.36952
6.08728
6.09463
4.68854
5.55736
4.93113
5.85345
4.6244
5.17471
6.37139
6.29888
5.66654
5.268
5.66732
5.29988
6.08544
4.41144
4.80745
5.85026
6.32539
5.89678
4.44681
6.62213
4.9339
4.33837
6.19481
5.35802
5.32403
6.01803
6.44012
5.36563
4.63428
5.00523
5.41759
5.838
5.50776
5.39323
6.29914
4.59785
4.82735
5.27959
5.29548
5.33152
6.31812
5.37316
6.03728
5.37908
5.86252
4.44445
5.33372
6.26564
4.33884
4.90972
5.00862
5.83792
5.31886
5.1922
6.67417
6.37105
5.78535
6.63167
4.7155
4.4174
6.23648
6.43577
4.5669
4.65013
4.75976
6.38723
5.83832
5.14039
5.30868
6.30649
5.76484
6.44668
4.69062
5.34684
6.41961
5.2651
6.36755
6.14647
6.80631
5.73785
6.14642
4.92637
6.87918
5.74743
5.29077
5.77629
4.95719
5.96926
6.71687
4.6233
6.16292
5.04665
5.36609
5.19185
4.9076
5.9307
5.84881
5.45667
4.83331
6.3261
6.61762
5.91314
6.40342
5.49299
4.63814
6.28956
4.78299
5.5062
6.05319
4.44889
5.86657
4.87319
6.01329
5.38979
5.3923
5.47812
4.82077
6.21109
5.21221
5.92832
5.35536
6.88063
5.52316
4.88798
5.1967
6.03207
5.56729
6.57375
6.66112
5.94759
5.70667
6.05453
5.23843
5.55173
5.24745
5.98453
6.48366
6.72422
6.37762
5.19073
4.97021
4.69494
6.32712
5.29086
6.03222
5.55626
7.05511
4.64725
5.1574
6.54073
6.6688
5.54708
4.99293
4.67259
6.4822
5.50431
5.66723
5.62264
4.59487
5.70268
6.51359
4.29162
6.31395
5.44664
5.34128
6.23036
6.20332
5.03156
4.83573
5.4753
5.73941
5.12411
5.9033
5.89156
5.30583
6.07679
4.75344
5.26145
5.43674
4.35004
5.70249
5.88021
4.05444
4.62753
5.3806
5.80885
4.36032
5.73323
6.58785
4.87785
4.68178
5.95115
5.59387
6.70537
4.75574
5.67266
6.2555
6.65858
5.89625
5.07678
5.69396
6.08009
5.75197
5.97276
5.81692
4.00708
4.91528
5.36369
4.35268
6.74631
4.43793
5.38867
6.05464
4.34568
5.92677
5.98256
4.59294
6.09634
5.37246
5.79074
5.13131
4.34131
6.49394
4.81629
5.9051
4.97805
5.37999
6.07393
5.77649
4.82723
5.20659
5.73018
4.45853
5.87417
4.68418
5.62049
5.57247
6.71844
4.81
6.08398
6.08397
6.76964
5.23186
5.8389
5.19565
5.26842
6.57862
6.16236
5.09292
6.43935
5.81536
4.93601
5.28851
6.70313
6.41533
5.35456
5.10105
4.61398
5.52698
5.26423
5.3357
4.47037
6.33993
5.27022
5.12854
4.83028
4.51381
4.3691
5.63029
5.92329
5.31132
5.36417
5.40973
5.36738
6.3785
5.33959
4.54908
4.76366
4.55703
4.90227
5.25739
4.88642
4.9096
5.39323
5.2997
4.81454
5.32959
6.43196
4.97519
5.91256
4.85566
4.31289
6.21713
5.63398
5.99907
5.31126
5.67385
5.34249
5.6172
6.53659
5.42525
4.58447
6.3985
5.0294
5.04062
5.85963
5.146
5.42228
6.25948
4.72362
5.50215
5.82047
4.67293
5.06376
3.94867
6.11015
4.97834
5.3372
5.41443
5.2569
6.097
5.72236
5.2682
4.93714
5.26381
5.33102
6.06491
6.36932
5.24573
5.51234
5.43912
6.10914
5.0641
5.40735
5.62209
4.60359
6.34802
4.45123
4.87734
5.24057
6.17141
6.49913
4.39007
5.33502
6.14919
4.61368
6.06753
5.30001
5.86143
5.47883
6.24141
6.15682
6.21345
5.76896
5.83024
5.47329
7.24522
5.92507
4.61526
5.74142
4.96229
5.6387
6.68226
6.66359
5.26966
6.09321
4.99505
5.414
6.00782
5.16738
6.55218
5.7733
6.23957
5.61886
5.86644
5.86701
6.00526
4.90552
5.37003
5.12732
5.82833
7.65721
6.43169
6.00419
5.1827
4.2167
5.86756
6.02226
4.78238
6.49994
5.65395
5.19582
6.48847
5.20135
6.47606
5.15016
6.07839
6.75891
6.06423
6.93502
4.96884
5.29958
5.11817
5.99881
5.97723
6.31128
5.15094
6.57415
6.78672
5.98315
6.97719
6.77283
5.30025
5.3707
5.64927
5.17605
5.70213
6.79868
5.14065
4.9591
6.694
5.21487
6.17096
5.86695
4.97575
6.16551
4.96747
6.72956
4.88233
5.69167
7.01647
6.1807
6.66267
4.91447
4.92323
6.78306
5.09741
5.67385
6.0143
4.9562
6.31556
6.24726
5.15288
6.34835
3.76924
5.7358
4.89479
4.53204
6.07187
6.057
6.67946
6.46196
5.68784
5.64806
5.70994
4.92064
6.11525
6.65542
6.14635
5.46604
5.96131
6.06477
5.84882
5.45184
6.71812
5.91205
6.17057
5.47394
4.50237
6.67482
4.83742
6.01052
5.05828
6.82868
6.64606
5.63948
6.70236
5.62581
6.67787
6.47274
5.48678
6.16525
5.3425
7.01834
6.10763
6.23221
6.09995
5.02803
4.93645
6.47639
6.2059
6.60425
6.2349
5.87119
6.72201
5.96271
5.47367
6.63309
6.00977
5.76631
5.44769
5.18381
6.52979
5.85481
6.68423
5.61528
5.87045
5.77138
4.76779
5.71681
5.41647
5.68438
5.362
6.01102
4.01795
4.6795
5.56068
4.81973
6.61559
5.78392
5.19822
6.82773
5.60468
4.97145
5.32081
6.66698
5.45534
6.26787
5.05808
6.35745
6.41024
5.0709
5.36511
5.71995
6.30816
4.6673
6.18881
6.15978
5.94952
5.55847
6.91383
6.22421
4.94028
6.61111
4.95399
5.75166
5.02486
5.22767
5.11756
5.63852
5.20929
5.70342
6.50421
6.95959
5.29197
5.31826
5.03153
4.90338
5.6476
6.03996
6.24841
6.2656
5.11534
6.52933
5.83318
5.71634
6.23442
5.12405
6.30732
5.92415
4.48042
7.03064
6.86237
4.57118
6.79459
4.63786
5.8176
5.42078
5.92406
6.51699
5.70822
5.71047
6.03778
5.08126
6.508
5.14881
4.39631
5.69841
5.66713
4.83868
6.60614
6.23228
6.60144
6.73786
5.15131
6.67234
5.90702
5.64469
6.17325
5.8293
6.93119
5.67524
4.39698
6.45855
6.42639
5.38184
4.52369
4.59488
4.71905
5.7407
4.74507
6.28465
4.93962
4.95555
6.6314
5.61289
5.56565
4.87865
4.15526
5.05042
5.80257
5.77633
5.63793
6.25179
5.84741
4.67403
4.72347
6.54589
5.88216
5.52706
6.4826
5.71298
5.20494
6.82329
5.29895
5.24216
5.19714
5.36078
6.69371
4.5322
5.40303
6.0809
5.24237
6.47094
5.60154
5.30584
5.65664
4.19624
6.5431
5.15958
5.73314
6.24616
7.02097
5.36311
5.49131
4.72734
6.61585
5.92609
6.29791
5.83266
5.00267
6.66744
4.96612
6.44024
4.68863
5.13526
6.7323
4.64621
6.71928
5.44367
5.13681
6.73531
5.7287
4.78346
5.4186
5.55496
5.14687
5.44599
5.56747
4.53533
5.76398
6.23145
5.43701
6.20072
6.22909
6.42839
4.65451
6.5979
4.62791
4.75649
5.528
5.24314
6.23327
6.61569
6.04735
5.48706
5.49057
5.26884
5.53755
5.78648
6.26525
6.10517
4.73683
6.18375
4.71518
6.70043
5.45152
5.19944
5.89159
6.24772
5.43182
5.31694
6.45807
6.10675
6.22835
5.56708
6.23428
5.94815
4.60626
6.99859
3.97848
6.2671
6.75555
5.69718
6.69778
4.76021
6.1244
6.93806
5.09134
5.71598
6.55677
6.98149
5.27309
4.69344
4.65854
5.934
4.91707
4.94244
5.99513
5.6424
5.31534
5.69032
5.66344
5.58453
5.55352
4.25123
6.34121
3.79668
5.97527
4.97913
5.78116
6.05587
6.05119
6.74257
6.06433
6.75243
6.03973
5.68979
4.43053
6.18715
5.40311
5.35385
5.19251
4.98727
6.21743
4.32341
4.74059
6.29058
5.54337
6.34656
5.28772
4.43329
6.90537
5.66806
5.4329
6.37831
5.20747
5.58473
5.92047
5.8394
5.5643
4.70066
5.87806
6.63727
4.29058
5.28209
6.40168
5.29885
5.28777
5.24645
4.092
6.35809
4.61547
4.36599
6.99095
5.50534
6.17133
5.18068
6.3185
5.53274
6.5104
6.24434
5.6992
5.79467
6.57003
4.582
5.30831
6.40791
5.25982
6.52688
5.25102
5.6631
5.99074
4.57469
5.08762
6.24317
6.26502
5.1761
5.70956
6.35816
6.71426
5.60867
6.68307
5.4851
4.56611
6.41358
5.16289
5.44028
6.37006
6.18192
5.54483
5.92089
5.36456
6.5262
5.21798
5.44923
5.82948
6.50233
5.72288
6.90717
6.73851
6.89551
5.29295
6.00807
5.2893
6.17922
5.66175
6.03493
5.15866
5.62167
6.10755
5.58112
5.37508
4.84434
4.79846
6.69704
5.73662
4.80961
6.16742
5.28867
5.98104
5.63735
5.69777
6.06929
5.91921
6.91431
6.60195
5.31278
4.85431
6.69598
6.34833
6.00733
6.19534
5.32673
6.19281
6.99198
5.79391
5.76231
6.00263
5.89967
5.76297
5.89
5.52342
5.78965
6.15838
4.66801
6.49301
5.2027
5.68967
4.92226
5.79185
5.66976
5.85463
4.51932
4.34081
5.30995
6.15712
5.91368
4.87234
6.08048
5.56358
4.81716
5.72619
5.65816
5.30955
6.08624
6.27373
5.82041
6.19613
6.40658
5.4202
5.64148
4.55146
4.82965
5.85954
4.28157
5.49669
6.25875
4.9973
5.78571
6.1035
6.41723
6.23388
5.90978
4.87615
6.19205
5.61459
6.58827
4.35273
4.53681
5.25047
4.58401
4.83118
5.38911
5.51807
5.63962
6.21083
5.05122
3.85156
5.14413
6.39622
5.22599
5.51592
6.28797
4.86568
6.4249
4.5586
4.51507
6.08551
4.91879
5.96312
5.36821
6.60103
5.35248
6.07931
5.99175
5.36549
5.81449
5.31151
4.66002
5.56292
5.11403
6.26438
5.78925
4.55589
5.34086
5.01786
5.22889
4.88172
4.39379
4.75952
5.53693
5.34451
6.53885
5.33745
6.09277
6.36048
4.27832
4.5666
4.88292
4.81203
6.04905
4.93986
6.32263
5.88303
3.78946
6.39026
5.85451
4.81755
5.97084
5.15282
5.15766
6.41855
5.35946
6.39735
5.13953
4.30594
5.45688
5.96871
5.60418
5.65893
5.52239
5.66543
4.67151
6.51059
6.25777
6.19372
6.13335
4.93809
6.08392
6.29397
6.21194
6.22419
4.61759
5.66079
5.89572
5.59336
5.92732
6.0464
5.53679
6.21371
5.16121
4.85692
4.77767
4.56173
5.06788
5.48952
5.13079
6.17174
6.60202
6.5462
4.63547
5.81872
5.87343
5.41486
6.6303
6.45374
5.63044
6.62005
4.71225
5.06738
6.91955
4.59499
6.73697
5.73758
5.68401
6.50501
5.61654
5.69279
6.2973
4.65057
5.41283
5.90668
5.3798
4.53408
5.09205
5.70506
6.31126
5.82704
4.38191
6.40975
4.51987
5.8832
5.75386
6.39143
4.89754
5.43861
6.87473
5.60062
5.92557
6.74089
5.63722
4.63518
6.69401
5.38343
5.73538
6.71594
5.2592
6.51465
6.12816
5.72188
5.88509
5.11303
4.62127
5.11817
5.24084
4.62974
4.90546
5.43818
6.30203
5.4226
4.03896
5.11324
4.4302
5.05403
5.12938
4.40193
5.41844
5.41621
5.22849
4.65984
6.18497
5.94547
6.53992
5.6996
6.03596
5.70594
4.60581
6.68528
6.03215
5.50921
5.64551
4.43286
5.66011
6.02204
5.49934
6.57162
5.66115
5.10515
5.57947
4.5741
5.4804
5.38034
6.56956
6.17841
6.18437
6.54837
4.37397
5.70346
5.90261
6.11635
4.71351
6.36894
4.92533
6.32298
5.46619
6.66804
6.20899
5.35254
6.86781
5.75959
4.86951
6.15523
6.80014
6.65575
6.2375
5.60156
4.91343
5.71249
5.82118
5.15432
5.95945
5.3722
5.4806
5.40926
6.46052
5.33304
6.42602
5.8249
5.99052
4.37719
6.42001
5.3645
5.32603
4.84182
6.17487
5.3928
6.96972
4.07695
5.39331
4.39766
5.05419
5.98527
5.43375
5.99138
6.3224
4.63406
4.79302
6.3626
6.35862
4.42917
5.18514
4.95522
5.36777
4.6054
5.30971
5.74876
6.19328
5.82553
5.83489
5.01739
4.5297
6.90284
4.33954
6.12234
5.62558
5.37591
6.44834
5.60735
5.09941
3.12612
3.49416
3.34038
3.51785
