3.63516
4.19374
4.11317
4.13456
4.39367
4.23417
5.08576
4.83659
1.76154
3.37619
4.61528
5.44987
3.86906
2.33711
5.21899
5.14292
5.94192
5.07195
5.23633
5.9738
3.64899
3.65152
5.24111
5.20075
3.73548
4.7819
5.92693
4.76318
4.74381
5.4667
5.4743
6.35327
5.67445
5.3572
4.44493
4.59938
6.65228
5.31975
5.16089
4.68863
6.3561
5.15585
4.64483
6.26828
5.24537
5.3205
4.73605
4.60505
2.16617
5.22409
5.46043
2.11921
3.70703
4.99953
5.10242
4.35594
5.26462
5.31581
5.59867
5.28385
5.03869
4.65821
5.94182
2.10552
5.46776
3.56765
2.13782
3.66256
4.95148
3.84476
5.58255
3.90451
6.23372
5.18151
5.77477
6.27788
4.86388
3.6548
2.35839
5.12782
5.84514
5.35502
2.13439
2.13514
3.61009
5.58142
5.1532
6.47618
5.36423
5.77558
5.72216
5.27719
5.80497
5.41815
2.10895
5.39774
5.93466
4.94943
4.58588
5.10089
2.02029
4.11543
4.53006
3.68704
3.86068
5.28397
3.18389
5.66412
6.2841
4.45703
5.55055
4.40135
6.47071
4.85752
5.54013
6.19545
4.40681
5.09204
3.68659
5.20205
6.72494
5.252
4.45769
4.48275
1.78587
2.9979
3.69357
6.70803
5.22977
5.21675
3.5232
2.88646
5.47109
6.08837
3.79599
3.60148
3.81605
4.67057
3.75972
6.20115
2.24431
3.30545
5.36249
5.02868
5.26906
4.66119
4.17445
3.54681
3.59685
3.42999
3.37023
3.40179
3.34931
3.28201
1.86235
3.46874
3.36231
3.14564
5.98525
2.52499
6.21926
4.9077
3.3617
3.42128
3.49545
4.96974
4.97263
4.93582
4.75042
3.39786
2.83994
3.3955
4.91547
5.88021
4.29988
4.84905
5.7965
4.91045
5.47715
5.9035
4.91385
3.2915
3.33943
3.51719
4.45862
3.84224
6.11744
6.11737
4.9515
5.0546
5.46578
4.79433
5.44472
3.44264
4.86825
4.72198
5.00026
1.79274
5.06908
5.17954
5.13749
4.2139
3.9237
5.57834
4.63547
5.26173
3.6094
3.65578
4.01306
4.88758
4.60778
6.20288
5.75967
3.72532
3.98392
4.4979
2.1676
5.3773
3.87626
6.50119
6.20035
4.93984
5.65735
4.87823
4.79112
4.53353
4.23656
4.25241
5.20075
6.53694
5.35484
5.29005
4.3882
4.6904
5.14748
5.90575
4.77509
5.91386
4.59208
3.5198
4.96361
4.10288
4.1076
3.52496
5.42355
3.58876
4.86773
5.0645
3.01744
3.52132
4.16094
3.93517
1.75896
1.779
4.89659
4.18783
2.93351
3.44455
1.84767
3.13382
3.04745
6.11918
4.97567
3.47382
4.4189
3.97522
3.88421
4.71947
5.96851
5.90609
5.13381
4.28518
3.49873
6.051
5.34451
6.23246
4.70419
4.8095
4.55867
4.47228
4.73704
4.45286
3.52808
5.35571
4.94233
1.78875
4.20236
3.83027
4.75384
6.91877
5.00712
3.75849
4.9015
6.17539
5.87164
4.62439
5.36642
5.864
5.34118
3.7855
3.88314
3.72242
3.88863
6.34613
3.85109
4.94471
5.99211
4.27253
5.39096
3.25615
4.6847
4.33851
2.99125
3.4244
4.58068
4.65989
4.99163
4.63077
5.03248
3.41085
3.11176
4.99761
1.77855
1.82237
3.00724
3.29424
4.962
5.19049
5.4471
4.17918
5.09414
3.72702
2.11708
3.86006
2.09566
5.21758
3.53312
4.03864
4.71251
6.23508
5.2838
5.46169
5.54549
5.13346
4.32453
6.32915
4.34993
5.2511
4.31474
1.78942
3.9282
6.39647
4.90718
3.25573
3.42104
5.90835
6.47601
5.91772
4.48771
4.97773
3.46881
4.29326
6.45576
3.49695
4.91051
5.04616
1.78838
3.42403
3.50911
3.67335
3.44271
4.75407
4.61
5.1088
5.19212
5.88799
4.72939
3.70785
3.86883
5.4755
4.39213
6.4581
5.68944
5.05957
4.97378
6.78516
5.73892
3.86445
5.19399
6.6093
6.69214
6.73516
3.59198
6.65225
6.28395
4.91389
5.14673
4.22922
5.92116
5.66442
6.63529
5.2704
3.2955
4.40621
3.52157
4.48369
3.44836
4.95822
4.62485
4.83643
4.77113
6.48699
5.37883
4.95185
5.19924
3.04794
4.72137
5.21182
6.44378
5.29655
4.37345
5.98679
3.48289
4.66872
4.46789
3.45905
4.98902
5.18514
4.83384
4.30414
4.78209
4.32002
5.32104
4.73854
6.23646
4.95049
4.5309
5.87396
5.0976
4.75837
4.7227
3.85006
5.65037
3.76151
4.30413
3.47952
4.40196
3.36021
5.92167
5.35053
4.85825
4.38602
3.95386
3.94648
3.42211
4.97971
3.20787
2.87273
4.78427
3.2494
2.54395
5.05705
3.7666
3.81809
5.56342
3.38431
2.95706
3.62157
6.49704
6.1618
3.60919
3.70791
5.10869
5.41692
4.81837
4.74135
4.78638
2.93455
3.48135
3.33449
3.23489
4.34233
3.83783
5.38978
4.7631
4.93639
4.76422
1.80564
3.61358
1.7695
1.8097
3.43647
3.3454
2.80384
4.98926
4.32998
3.36967
4.16642
5.29408
3.6878
4.54446
4.08081
3.4479
6.12704
4.82498
6.00302
3.75762
4.70456
3.50716
4.92332
4.39157
3.18986
4.66586
4.75663
5.78849
6.09054
5.61312
4.42941
4.81228
4.20258
4.27637
5.18757
4.82959
5.40053
6.18624
5.12299
3.43938
4.41345
3.45566
4.74656
5.15733
3.54605
4.95043
1.79426
2.70727
5.3342
3.84423
3.7058
3.52766
3.39398
6.79736
5.3104
4.41107
3.68512
6.35504
4.99394
5.41433
2.94874
4.90992
5.27382
6.1811
5.13727
4.35308
4.46235
5.33482
4.68166
1.80368
2.80688
3.68365
5.01397
4.5176
4.26888
4.68483
4.84191
6.61526
5.46053
4.81256
6.53783
5.27279
5.72199
5.85044
5.05977
3.80043
3.4836
4.393
3.17667
3.99906
3.815
2.85358
3.78907
2.12523
5.86644
5.04499
5.73618
2.12447
4.62969
6.15207
3.24127
4.68359
4.52408
5.15354
4.76565
1.78618
3.75574
5.25488
3.37562
1.98331
3.69605
5.6377
5.4297
5.36971
4.37695
2.99192
3.39572
3.52278
5.65199
6.3213
5.26525
4.41575
3.33299
3.03884
4.19848
4.72862
5.87348
5.09508
3.71717
5.10371
5.0492
4.25553
6.56916
4.91189
4.86694
4.69229
4.59657
3.4736
4.01591
5.41728
4.30425
3.406
6.28769
5.41416
6.27478
4.90686
6.76483
4.90386
5.73992
6.68354
5.31088
6.21738
5.56188
6.50139
6.11233
5.37992
6.59852
5.20177
5.37534
4.43644
5.0637
5.10233
4.29299
5.40578
5.42136
5.4302
5.26771
4.04103
4.36517
4.65442
5.13549
4.38316
5.01088
3.33307
5.67875
3.34116
4.42815
3.39988
5.32041
4.8075
6.38092
6.23425
4.57377
5.92937
4.659
5.04845
2.32694
6.25874
2.18921
4.38837
2.94435
6.14032
3.64732
5.4782
4.89101
6.26858
5.75692
5.19222
2.18243
4.09072
2.14216
3.69829
4.31623
3.22563
5.1384
5.86195
3.44437
3.49569
5.21157
4.02046
4.95643
6.38613
4.30636
3.44057
1.79171
1.81757
3.00445
2.12946
1.79585
4.95988
4.87351
4.77587
4.19049
4.26417
6.21923
5.08156
3.76549
6.5815
5.26964
3.80237
3.84685
4.64113
5.42794
5.53384
5.18191
3.81961
5.30264
2.29206
3.83196
3.58066
6.71432
5.16666
5.46414
6.20343
5.88711
4.14339
5.03387
5.09498
4.4618
3.71149
1.77915
4.29548
4.28247
4.21438
3.42913
4.68414
1.78309
3.07149
3.35708
3.32202
5.4736
3.10597
3.78131
3.50633
1.96779
3.44361
4.99684
5.00313
1.79887
3.72776
5.0913
1.80978
2.84453
5.35839
1.81225
5.1802
5.26663
1.80415
3.35421
4.90152
3.50881
4.30094
3.38163
3.38591
4.0334
3.31446
4.41786
3.45163
4.9927
4.15711
4.91017
4.96277
5.00627
6.27986
3.26485
4.71526
5.07793
3.40649
4.57352
4.17619
5.38579
4.95614
4.57691
5.51019
4.8994
4.25627
4.63638
3.44976
4.77995
3.11063
6.78321
5.36824
3.91629
6.36594
5.15066
3.95541
6.65983
5.35138
5.39517
3.67586
2.14176
5.14545
4.98434
5.35453
3.4529
4.20032
1.84023
4.16817
3.55237
4.32812
4.34427
5.42231
5.63069
5.02094
5.44851
4.93752
3.68474
3.45319
5.28706
4.61736
3.47787
3.15555
5.52383
5.13956
2.42379
1.80463
3.34427
5.53126
3.41836
4.70335
5.53946
3.5452
3.64546
5.46463
5.37131
2.16979
3.91926
3.81137
3.7571
5.42174
3.76595
2.09728
5.06509
4.41752
5.07379
5.40665
6.58032
5.73888
4.03675
3.08083
6.64437
4.68777
2.71276
2.124
4.047
4.32599
2.95932
3.85672
3.80567
3.66138
2.12137
3.48412
3.97946
4.35779
4.56296
2.10041
5.05659
2.11003
3.64499
4.02394
3.64597
5.03089
4.59496
5.69675
4.60837
5.31841
3.78464
3.7836
5.42352
5.08374
3.63279
2.11072
4.60765
5.12428
4.1295
3.6075
3.26418
5.4493
5.129
5.27965
2.16898
2.31799
3.30047
4.658
5.23581
4.69345
3.0675
1.98027
1.77957
4.33989
3.47953
3.4824
5.31972
4.31105
3.54688
4.95126
5.56726
4.58929
5.38571
4.75785
5.29438
4.9946
5.06703
4.31413
5.06043
3.45611
5.3551
5.60399
5.70693
5.38233
5.63418
5.84801
5.79274
6.28648
5.41319
5.11111
5.5151
5.2538
4.95691
4.2022
4.85843
6.11383
4.56161
3.44431
4.9151
5.01661
3.90807
4.67798
4.27316
4.21016
3.31973
6.29191
3.57889
5.24427
3.36174
4.95871
3.0875
4.99426
3.48204
3.49064
2.93812
3.29959
5.22761
4.45678
3.85749
3.34518
4.95382
4.99594
3.46076
2.10671
2.21115
4.59569
4.2542
3.21385
3.43642
4.04935
5.0128
5.34064
4.68889
4.7116
5.0303
4.84961
5.60144
3.77453
3.63861
6.374
4.53953
3.27829
4.17713
5.18727
3.53794
3.48095
3.95127
4.35661
3.83821
1.78143
1.78955
3.4986
4.90846
4.53435
5.47638
4.35004
5.01131
1.78875
3.72024
4.17977
5.68474
1.99835
1.8034
3.6268
3.00585
2.9549
4.79321
4.73705
4.91146
4.7759
3.01451
3.41993
4.54024
4.2694
2.63266
3.45484
3.34089
3.35994
4.85991
6.04895
3.45621
4.83198
5.07482
4.44162
5.05965
2.81833
4.68088
3.49904
6.3451
5.49834
5.02616
3.66444
5.13693
6.23552
4.78264
5.0883
4.61197
4.84741
5.99424
5.30833
5.84873
4.47721
5.20133
4.86161
4.6764
4.83259
4.75984
4.79736
5.01194
4.70923
4.03909
5.89836
4.49131
4.80472
5.50253
5.10139
3.3325
3.53785
3.43511
4.81166
4.61102
4.84275
4.31532
4.77221
5.04875
6.20249
6.38172
6.24422
3.6842
3.46989
3.61569
3.7564
5.26867
3.8604
3.67541
4.39327
5.63193
6.22691
6.36193
4.60917
3.63145
2.14092
4.6858
2.16181
4.69249
3.85243
4.57228
4.8697
6.26554
4.70458
3.5198
4.83141
4.95221
3.27517
4.5395
5.56889
4.69746
5.0931
3.58204
3.46953
3.56209
6.57058
6.32002
3.48659
3.83435
6.56129
5.22347
3.84871
2.31863
3.92141
2.11972
4.86581
3.65593
3.43554
3.85687
3.73511
2.13221
3.63927
5.76546
5.32954
4.01273
3.48362
4.73929
5.30396
4.08091
5.42989
4.51079
3.86705
5.5027
4.34382
6.41965
4.70289
3.63028
3.51758
5.69505
4.6932
4.08247
5.2175
6.324
6.73713
6.21727
3.71282
5.37439
4.81157
3.42152
5.16471
3.36027
4.52282
4.40499
5.66273
6.16948
3.60018
3.4113
4.39581
5.55814
6.00448
4.22212
4.02245
4.24118
4.95109
6.69194
3.11053
6.41105
4.30965
4.74874
3.28298
4.37173
4.28853
1.78228
4.39619
6.49325
4.66667
4.95486
4.12489
5.22791
3.09897
3.46756
3.36502
6.07062
3.89586
5.24035
3.75689
4.8024
5.20522
6.07085
5.53517
4.79793
5.22373
4.47182
6.71141
5.28
5.4702
4.588
3.52096
3.71395
3.23039
4.53506
3.95789
3.31045
3.52815
3.0315
2.9823
1.834
3.43166
1.81594
3.78927
3.42845
4.53021
5.46843
3.55398
3.37799
1.79523
3.35003
2.92098
3.68723
3.30287
4.64335
3.51347
4.67625
1.9876
3.42736
4.90491
3.35591
5.47748
4.88467
5.40987
4.15197
4.67085
3.44645
3.534
1.7836
1.7945
1.79033
3.44139
3.58038
3.47921
3.51011
3.48651
2.54044
4.80974
2.62907
3.84902
3.71669
5.26933
3.48217
5.26233
4.63669
3.41918
3.51955
4.7102
5.38639
6.26912
3.84093
3.2322
3.09502
5.02358
1.78652
5.06258
3.37727
4.45548
1.78053
3.41288
3.68588
5.3864
4.93652
3.40326
6.35013
5.21285
5.63051
4.19458
4.95853
4.42953
5.68016
4.16498
3.93726
5.93852
5.08885
3.447
4.55389
4.45117
4.27863
4.94516
6.00395
5.39773
5.37499
5.25853
5.12762
4.9564
4.35847
4.7398
3.38349
5.18758
5.28881
3.48647
3.429
4.32761
4.72147
3.39658
3.48362
3.63173
3.78979
3.448
3.47066
6.29281
3.77902
5.11228
3.51434
3.79474
4.66925
3.75292
2.14108
2.14355
3.88493
5.30425
4.60794
3.37495
4.56573
2.12161
2.13469
4.78875
2.12565
3.24736
1.76921
3.38142
4.93484
4.73094
4.50453
1.78207
4.45635
3.44171
2.78191
5.10443
4.71409
3.18624
4.30635
1.79022
3.31794
5.01258
5.37101
3.08154
4.01612
4.86103
4.97938
5.59809
5.03283
3.48398
4.27544
4.52847
5.10071
3.2896
4.42829
6.0117
1.77298
3.41313
3.35036
5.21992
5.13067
5.43742
5.78723
4.89443
5.15246
5.18829
3.72192
4.75964
4.84332
5.50712
5.58233
3.42194
3.75024
3.54084
3.78513
2.13043
5.27381
4.56018
5.71818
5.79805
6.64705
3.97749
4.24053
4.28687
5.14958
3.42223
1.81612
2.71839
3.30733
2.10172
6.43813
6.02295
6.72691
5.07742
3.8647
3.7692
2.9773
4.3606
5.2976
4.83421
5.19098
5.71886
5.27032
4.93023
4.95768
2.16043
3.77607
3.69093
3.97523
3.76578
3.94085
3.69484
3.68874
2.21448
5.4274
4.79329
1.82226
3.27998
3.49306
3.65648
3.28256
1.78941
1.7971
5.61843
4.31914
5.08532
4.68996
2.77958
3.50663
1.81307
4.18302
5.649
4.68548
3.00085
4.27407
4.3256
4.80548
4.53599
4.74617
5.73515
4.47861
6.96434
5.41461
5.23442
5.32455
2.14386
3.68953
3.87985
2.1353
3.1086
