3.36206
3.46646
4.07893
4.00256
3.45531
3.29945
4.23429
3.09805
3.57479
1.72117
2.13708
3.64576
2.85791
3.48673
1.75292
3.45934
1.74074
4.75907
3.12115
4.83364
1.75137
4.69092
3.43981
3.30862
5.4405
6.39871
4.73618
1.74289
3.45486
3.41898
3.47077
1.74188
3.28898
1.94416
3.56396
3.69104
4.67705
1.745
3.28093
3.22108
5.06899
6.49436
3.03135
3.25414
3.42667
5.0187
1.76802
3.47252
5.08638
4.89974
3.36795
4.44157
5.30827
3.03478
3.30499
3.65754
4.92028
5.21796
3.28642
5.73875
4.15347
1.71147
3.22966
2.09717
2.11392
4.67506
3.72655
2.96615
2.06345
5.22988
2.07273
2.06289
3.71985
2.06009
3.83507
4.57822
2.24096
5.2042
2.02744
2.12741
5.35335
2.19413
3.7263
2.06358
2.10707
5.91298
4.69196
3.74144
3.80581
3.24648
3.71007
3.54744
4.72432
4.72072
3.52275
3.70605
3.53977
2.09263
3.98548
2.07121
3.32515
3.73687
3.92684
2.05099
2.05944
3.82178
3.2234
2.16898
2.08529
3.76586
4.6077
3.15912
3.65277
2.07313
3.45484
3.68555
3.64789
3.24314
4.58387
5.31625
3.84417
3.73055
3.68442
3.6962
3.94631
3.2298
3.82991
3.69718
2.17729
3.53383
5.22476
5.21942
5.28024
2.08909
2.04365
3.72464
5.45636
3.75889
3.53128
3.68194
2.05261
4.45641
4.04579
4.55924
4.97481
5.49844
3.75094
2.04991
4.97428
3.32592
3.54846
4.23878
1.74664
3.4313
5.08193
5.1862
3.71119
2.07081
3.92939
2.64638
3.73927
2.07355
3.91516
3.74077
3.44576
3.69835
2.12635
2.06245
2.07298
3.78293
3.83379
5.087
2.10545
3.67295
6.37772
3.75496
5.31009
6.54562
4.64942
5.59196
4.94897
5.54288
3.50551
3.62608
5.20568
2.08316
2.07733
2.07426
3.85432
3.5656
3.69525
5.11599
2.09084
3.57263
4.88428
2.0637
5.25923
3.72462
2.01951
1.7904
4.85733
2.09366
2.06552
3.24366
3.33952
3.81522
3.5713
2.07756
3.95764
2.08006
3.70543
4.55185
3.51415
2.10597
2.07082
3.73157
6.46697
2.08016
1.72975
1.70735
4.23055
3.67193
5.33773
2.04723
2.05915
2.09795
2.0731
3.43031
6.20894
2.09774
3.76563
2.08423
4.6548
3.78564
3.20618
2.06406
3.30505
4.95426
3.5638
5.17804
3.60652
1.73087
3.1046
1.7426
4.99684
3.36562
3.46047
2.63586
3.46034
5.02385
5.35223
3.75501
3.85875
2.06184
2.02547
4.52099
3.50263
3.53489
3.72771
2.09851
2.86343
4.68539
2.87336
4.97266
2.55859
4.29575
3.89698
2.05631
3.3639
2.05338
3.62795
5.26481
3.77517
2.35026
3.56542
2.07311
2.08776
2.10938
3.4847
5.5966
3.39285
3.75427
4.70598
3.97286
5.44249
5.01167
5.15719
4.89953
5.25871
3.837
2.06458
3.65573
2.06805
3.72308
3.77992
4.66976
5.24238
6.18646
3.68275
3.67405
2.05991
2.05406
4.67456
3.80467
3.69594
4.92108
2.09029
2.04011
4.55542
3.44311
3.67932
4.5341
2.09194
2.06966
5.11448
3.6166
5.69989
2.06986
2.08904
5.12745
2.06516
3.42832
2.35937
2.0924
3.2625
3.46629
3.46693
3.77639
5.1265
5.15575
3.52774
5.23604
3.56312
4.75866
3.71789
4.87099
6.60873
2.06202
3.83249
2.08051
4.93085
3.49014
3.28303
2.06016
2.09955
3.8107
4.53224
3.75865
4.66894
5.53689
2.07221
3.75588
2.04496
2.06502
3.70329
2.08421
3.44265
5.18504
3.71593
5.12486
3.24674
3.2982
3.24302
4.96312
4.56547
3.44007
3.40459
3.70501
6.59088
3.53831
5.09267
3.51931
3.68651
3.75998
3.21763
3.73725
3.58633
2.06101
2.07768
3.8837
3.77575
3.45347
3.72719
1.72806
4.65085
2.60789
4.19941
4.62842
2.33629
3.45526
4.77406
2.07252
2.06862
4.02111
5.12548
3.76351
4.25863
2.99262
3.54191
2.59442
3.01329
3.73628
3.56849
6.18072
3.73539
3.91912
4.40873
2.08279
4.56245
5.0483
3.65149
1.75313
1.72491
3.12253
2.06271
2.69771
3.74102
2.09065
3.57854
3.79384
2.04663
3.6103
3.28376
4.01519
4.26764
5.04648
3.8932
2.18755
4.73088
5.2938
4.82152
3.86502
3.3344
3.62929
3.64485
2.20088
3.81501
4.35742
4.07591
5.53487
2.27078
5.08746
5.10466
3.83018
3.95897
3.565
5.80922
5.24977
4.44216
3.88108
2.28552
3.92086
2.24024
1.88471
5.09169
4.4633
3.55967
5.04808
5.12502
3.69924
2.91585
4.1719
4.71384
2.35253
4.91343
2.16362
4.13896
4.71792
2.22109
2.28842
2.20218
3.91984
3.84536
3.953
3.93481
3.87063
3.77925
2.53185
3.70148
3.87248
4.19505
2.27986
2.34538
3.8782
4.53368
5.1843
5.30809
3.92516
3.60519
5.4405
2.21206
3.92398
3.96026
2.26011
4.76439
2.25361
3.8373
3.51417
2.24977
2.21778
4.03523
3.88463
4.22437
5.91619
5.49587
2.48458
3.31265
3.76025
5.03035
2.24053
4.83463
3.49857
3.6505
3.38837
4.86612
3.97756
3.95055
2.21869
2.32079
5.57245
4.83539
4.3087
5.59412
3.80296
2.22244
3.3975
2.49539
2.19135
4.03176
3.10167
2.4748
4.41835
2.08336
3.96013
3.69969
2.06674
2.12164
3.68702
4.05361
3.72884
2.06744
2.94986
3.55704
2.06102
5.14958
2.11593
3.76894
2.66341
3.59692
4.54266
2.08113
3.70611
2.54258
3.70405
5.18214
3.59998
3.88639
2.09659
3.78622
3.94842
4.31898
2.08332
3.81931
3.42068
3.74789
3.20731
5.37578
2.07442
4.96621
3.74998
1.91049
3.66275
4.41772
4.60017
3.62328
3.55913
3.17152
4.29882
3.27676
2.05181
2.06708
4.32277
5.31439
2.06146
3.80292
5.51111
3.70346
4.41094
4.24483
2.07487
5.11461
2.07615
3.75696
2.16919
4.95237
3.35139
3.87598
3.39675
3.96777
1.74192
2.94123
3.44192
3.73464
5.3947
2.13934
2.55905
2.07848
2.9384
2.06404
2.07883
2.09229
4.74412
3.81047
4.25425
2.88833
3.70424
3.70956
5.62414
5.30879
3.69799
3.78462
3.65926
4.90482
3.77645
3.66206
4.50224
4.65497
4.85806
5.43781
3.67854
4.19286
2.06745
4.47043
3.76168
3.78497
3.54591
3.79364
3.66396
5.05044
4.96603
4.98304
3.45577
4.81644
3.39322
3.32383
2.98462
1.71836
1.75702
2.93745
4.06382
4.5456
4.7744
3.00689
4.5891
3.52279
5.26915
2.09038
5.12784
2.90175
2.05649
3.68435
3.72159
5.36909
3.67988
3.81323
3.68523
3.67882
3.67113
2.07663
2.08432
3.70245
3.46364
2.11552
4.38581
3.74636
3.24207
4.91851
3.65742
5.54683
2.10877
6.65297
4.57256
3.67919
3.24584
3.78445
5.32357
4.80934
6.67499
3.54206
3.55864
3.71083
3.74669
5.0123
5.12664
3.44072
5.32504
4.27068
3.7556
2.05209
4.64058
3.82391
6.2317
5.0298
3.49041
2.06263
2.07241
2.09556
5.40396
2.07914
2.05061
2.06602
5.1571
2.08262
2.05118
3.76674
2.06212
2.07775
3.97528
5.31176
3.48651
2.37417
5.04356
4.54693
5.16754
3.55572
3.74756
3.07828
3.69468
3.51684
2.65842
2.75757
3.95867
3.65983
4.66823
5.11981
2.09794
3.25497
3.7158
2.07176
3.76946
3.36507
5.09418
2.0808
2.05279
2.05527
3.56771
4.56638
4.71592
3.7307
3.21279
2.09608
2.06349
3.86848
4.71105
2.04336
2.06247
4.80533
4.52127
3.34937
2.07516
1.73829
1.77941
3.29152
1.7404
1.72512
3.33264
1.75722
3.3689
2.04089
2.07217
3.24686
5.33429
2.06944
5.03627
2.06576
4.9863
2.05838
2.0553
3.748
4.74366
4.36486
3.52616
2.06828
3.58295
4.90378
5.06171
3.58075
2.06569
5.13327
4.25323
2.08857
3.68222
2.08595
3.66153
4.67284
2.06753
3.66759
4.64647
2.05286
5.22624
3.82983
2.06359
5.03749
2.88003
3.72584
3.64002
4.12674
3.5807
3.18799
1.84344
3.56717
3.21271
1.73462
1.75692
1.73807
5.28516
2.08578
2.06751
3.60522
4.52777
3.54035
3.78799
3.42663
2.09271
3.69268
3.39292
2.20139
4.45984
2.11667
3.63241
2.10663
3.47043
3.56304
2.08759
3.9624
3.76712
2.10003
4.81745
6.18235
6.57113
5.04271
2.08723
4.56416
3.63887
3.76094
2.08775
2.05631
3.83552
4.60568
2.06361
3.7525
2.07551
4.52244
5.74673
4.31365
2.07721
2.05534
5.33905
5.40508
4.67398
1.74013
1.72997
4.62056
2.08954
3.76746
2.075
5.08793
3.6867
3.85189
4.15973
4.53542
2.06851
5.98421
3.73662
5.24192
6.5364
3.53971
2.08084
3.70334
1.73435
3.68788
3.22204
1.75891
4.1186
3.56534
2.09267
3.79392
3.5961
3.67103
3.2746
5.32896
2.35995
4.95045
2.09051
3.85566
3.82506
2.10009
3.74111
3.44293
3.87907
5.79605
2.0793
4.06729
2.11544
2.05981
3.88149
5.39049
3.29397
5.10136
5.29172
3.68223
2.07791
6.21664
3.64029
2.05867
5.24679
3.71277
3.73315
5.36439
4.46694
4.50109
2.08244
2.12105
3.6482
3.75298
4.04688
2.07762
4.12986
3.68182
3.79265
4.87598
6.28484
3.75232
4.8017
3.32625
3.78219
2.09217
5.63532
4.86083
3.76762
3.66029
6.15656
5.2019
4.11747
2.06232
3.35283
2.10615
3.69186
3.63998
4.57682
4.51799
4.58388
4.00962
2.07599
3.69689
3.60269
3.83187
5.42785
2.09848
2.07328
3.23342
2.10068
2.09041
4.99831
3.71814
2.06514
3.66671
3.36766
3.7522
2.10432
3.7382
2.09383
2.08952
3.75012
2.08165
4.2409
2.92076
3.75938
2.03871
3.20283
3.64497
3.59059
3.72856
3.81606
2.08397
5.26259
3.99432
3.53443
2.07304
2.09168
3.76465
2.0927
5.02174
4.29325
2.05956
2.06187
3.31096
3.35274
3.25709
4.55777
3.95012
1.73672
1.73568
4.63883
2.06839
3.51641
5.41535
4.59573
5.25754
2.07896
3.66797
3.78193
3.68116
3.21416
3.37884
3.93166
3.61756
3.78718
3.14181
3.67751
2.08563
5.48829
5.4932
3.45834
2.05084
3.70583
3.82029
4.70012
3.6839
5.33037
3.67452
5.34896
3.74783
4.46386
5.22385
3.89941
3.71126
5.51115
2.06874
5.15673
6.32058
3.586
3.69306
4.65347
4.66114
3.70588
3.70423
2.10786
2.95213
2.10325
3.53024
2.05912
3.83293
3.90047
2.26619
4.79449
2.09941
4.60475
4.73965
5.01093
5.18807
2.11776
2.08839
2.09499
3.84387
2.11156
5.21787
5.12738
4.01076
4.87154
5.24951
6.1551
3.34836
3.20357
1.75633
5.74607
4.71168
4.38073
5.41392
3.7449
3.72063
4.77936
5.31676
2.13831
5.17059
3.8222
2.09898
6.48957
3.6563
4.24341
3.69984
3.51735
3.87703
4.88047
2.09566
5.25784
5.10729
4.94419
3.93242
4.67397
4.31972
3.16919
3.57008
3.46643
2.08625
2.1685
2.0839
3.7623
5.3204
2.05561
5.897
3.88148
3.63701
2.94267
2.91943
1.7451
3.3238
3.40875
1.75841
1.73433
5.06782
3.91538
3.88325
2.0998
3.66364
2.10778
3.28136
2.17803
3.2638
3.68744
3.8471
6.54389
5.63351
2.07685
3.79006
4.60769
5.47213
4.72055
4.99345
2.0698
3.51088
4.78615
5.33262
2.10994
2.12724
3.24248
3.30448
2.09825
3.46366
2.08005
2.11724
3.61712
3.35498
2.75165
3.23191
5.17218
3.61753
3.98404
3.52019
3.40321
2.09529
5.00395
5.12363
3.68334
4.62423
4.53223
3.55049
2.09094
2.13368
2.07758
2.09324
3.61211
3.77017
2.1057
2.07688
3.79368
2.08598
2.06097
2.04893
4.56148
5.11462
3.77886
3.67023
2.14991
2.10107
4.20894
4.74332
3.37781
2.48966
4.81034
1.80428
4.36423
3.6809
2.05346
2.07
3.68665
3.71504
3.86796
3.66064
5.36246
3.59663
2.05986
2.29003
3.63104
3.76466
2.05326
3.58025
2.06515
3.46808
4.36843
1.77341
1.72757
1.73045
1.71353
4.92716
4.08731
3.09326
2.06584
5.19175
3.50658
3.65442
5.19782
5.59778
2.05348
2.06549
2.098
5.01244
6.50666
2.06061
2.04342
2.09013
2.07162
2.07911
4.20944
4.19447
2.09102
2.09874
3.46915
3.75046
4.80573
2.09136
3.57033
2.07688
2.05994
2.05223
3.77917
3.76167
2.95634
2.0832
3.74139
3.84501
2.07802
2.05007
2.06577
4.39214
4.91113
4.69752
1.74543
1.73497
3.58984
3.02988
1.74434
4.32556
3.1701
3.08058
1.75886
1.72675
4.81726
3.85339
2.2805
3.42632
3.73172
3.61629
2.08224
2.07171
2.0723
5.37585
2.03862
3.84993
2.07437
3.76935
2.04759
3.24951
2.11167
4.84113
3.76528
2.11134
2.05466
2.37296
3.50631
4.33675
3.73576
3.95146
3.90847
4.60582
4.77337
2.08071
4.98071
5.19742
3.67284
3.67309
3.93397
4.70416
5.05686
3.62974
3.68493
6.42713
3.45044
4.89366
3.77028
2.11
2.20577
5.11395
3.59825
3.53643
3.66183
4.43397
2.14602
2.07501
2.29353
3.75347
3.40939
4.63879
3.72958
2.10984
2.05999
2.07815
3.75044
2.08658
4.60741
5.2685
2.05178
3.31022
4.00404
4.47659
2.08218
3.71479
3.71286
2.06079
3.38295
3.53355
5.39039
2.08381
4.01289
3.70303
2.13364
5.00497
2.04129
4.67252
2.06053
3.83792
3.45289
3.7941
2.09348
3.05547
2.1031
2.09586
2.06625
3.71704
2.05096
2.09639
5.34341
4.94643
4.54729
3.78185
5.48765
2.14322
3.16856
4.96657
2.12032
3.9523
3.23821
2.91367
2.07132
5.06367
2.07186
2.02661
3.74736
3.85154
3.97751
3.76229
3.75314
5.31286
4.79436
3.73585
3.64774
5.70646
3.55139
2.07646
2.08858
3.16669
3.82158
3.72161
3.7253
2.09773
3.67555
3.77548
3.79644
3.54575
3.71032
3.73319
2.08377
3.93222
4.89498
3.82106
2.07904
3.71796
3.45603
3.63839
2.07013
3.46523
2.06525
5.13791
3.60371
5.00598
3.61324
2.08043
3.73555
3.94398
5.25929
3.52836
3.45309
2.10469
3.83992
5.5027
3.03555
3.64124
2.07404
6.18201
3.85346
2.0564
3.86161
2.05433
3.04724
3.67279
2.05804
4.20967
3.76039
4.73377
3.48484
3.91193
3.6047
2.06514
2.07706
4.35541
2.05835
2.09545
5.72074
4.7321
2.0983
2.98282
2.64777
2.0545
2.04684
2.17352
