4.9615
3.88289
4.4872
4.56929
4.43935
4.88679
4.87644
4.31137
4.2015
3.46284
3.47818
5.41383
3.79332
4.29925
3.2646
6.16155
4.83012
6.00883
4.76369
5.13313
5.6887
2.10578
2.1281
4.81208
4.98965
2.10921
5.7562
3.68009
2.13037
5.10501
5.31137
2.12471
2.10388
6.74549
6.18745
2.10256
4.22834
6.15254
2.12496
2.11663
4.48744
5.00309
5.01494
4.60388
6.10357
2.11942
2.10797
4.75667
5.61048
2.15035
4.97092
5.75347
3.38601
2.10025
5.01568
5.71967
2.1233
2.92912
5.79263
3.66461
2.10902
5.65083
6.7185
2.16096
2.91435
5.68827
2.12522
2.18669
6.53698
6.52568
2.13914
3.93949
4.50617
3.72373
2.34533
5.93789
4.93563
2.1088
2.83252
4.47909
5.9792
2.13348
5.26656
3.71399
2.14152
6.28949
4.7381
2.12199
6.32679
6.21217
2.10923
2.0874
5.80723
6.17287
2.1223
3.56641
6.74996
5.24088
2.12346
4.85652
5.14314
2.13368
5.73678
6.46354
2.12405
6.34397
6.69122
2.11712
2.22559
6.2756
2.13612
5.6898
6.23602
4.67434
2.12349
3.79713
6.56273
3.75194
2.37698
5.68025
6.72011
1.79454
3.56079
4.78088
3.37054
2.13522
5.18924
6.65286
2.11813
3.09395
5.86569
2.1635
2.11904
6.35409
6.63761
2.1325
5.12871
4.68172
2.12907
2.12808
5.09946
4.27511
5.42774
5.19582
4.63871
1.78203
3.83282
5.61717
2.33437
2.10785
5.31414
5.68741
2.14942
3.00181
4.70941
3.79548
2.10904
6.70586
5.34519
2.13705
6.22034
6.36927
1.81907
1.7697
6.46663
5.64441
1.76938
6.06881
5.40997
1.79912
1.79195
5.33167
4.59948
5.59979
5.33852
5.24296
1.77397
1.80052
5.34368
3.35254
1.77328
4.52892
4.78122
1.8149
2.15624
5.84066
3.75651
2.10504
6.46978
5.91853
2.13436
2.18448
6.27814
2.14885
2.34088
5.90634
4.65414
2.11379
3.97752
5.13746
1.81038
1.7783
5.55143
3.3049
1.81502
5.41606
5.72279
1.79123
1.84309
5.91466
5.46415
1.79329
4.86337
4.98629
1.80926
5.5817
5.37983
1.76175
5.63498
4.35301
1.79524
1.78877
5.54626
6.48872
2.0932
5.71408
6.19258
2.14994
2.20726
5.83635
5.41403
2.09552
5.44226
4.94533
2.14896
2.12248
6.52767
5.40695
1.75699
5.01693
5.17045
4.47122
3.51752
5.98019
1.80347
1.96165
5.14323
3.88998
1.7934
4.84076
5.4707
2.0051
1.79421
5.82641
3.10804
1.80897
6.42324
5.06666
1.77961
1.76668
5.00635
4.60994
1.78109
4.7311
6.19544
1.79502
1.79836
5.64321
5.29904
1.81521
5.51208
5.84929
5.71356
3.50207
5.62622
1.80255
1.78625
6.35888
5.35383
1.77144
6.52447
4.37344
5.46169
1.8047
4.73777
6.18588
2.11583
2.11353
6.46289
5.38939
2.142
4.64988
4.56373
2.16057
2.10461
6.39494
5.19609
2.09679
4.86937
5.07024
2.12655
2.09213
6.22648
5.19087
2.10633
6.44718
5.43946
2.11175
2.10475
4.51188
5.17831
6.72694
5.59363
5.22833
2.1159
2.13166
6.26098
2.12751
6.71349
4.6857
5.60291
1.79469
3.3287
6.71577
2.1205
2.09652
6.33651
4.58961
2.16533
6.13275
5.91731
2.09889
2.1364
6.21098
3.81613
2.15449
5.22931
6.67284
2.13025
1.77434
4.82602
4.07885
1.80817
6.35268
4.37987
1.7705
2.63432
6.31249
1.90364
4.63534
5.62348
5.50442
1.85706
2.56732
4.44406
1.81005
1.7723
5.78784
1.80829
1.78531
5.64263
4.98728
1.78846
1.76592
5.43605
1.77765
2.11127
5.56808
5.21111
2.1336
2.23506
4.84106
6.03485
2.33729
5.17526
4.82356
2.15252
3.94204
6.66435
2.15248
5.06251
6.03739
4.64893
2.11433
5.34927
5.58611
2.13722
2.10983
4.91058
5.42091
2.16255
3.3448
4.80212
2.09499
2.03538
4.75669
5.05301
1.77542
3.35438
4.94723
1.78268
1.77005
6.18252
4.45466
1.77551
4.12081
5.97465
1.79198
2.0994
4.72222
5.22973
5.60758
5.30728
6.40983
2.11609
2.11278
5.66376
3.79053
2.10052
4.95708
5.26025
2.13997
2.12402
5.42223
4.22325
1.77501
3.02363
5.32432
2.11822
2.10855
6.74138
4.64183
2.16978
2.1214
5.58021
2.13014
2.12151
6.35359
3.62161
2.17378
3.60275
6.33794
6.15232
1.76354
6.47345
1.77664
1.77635
4.51454
4.32102
1.7767
3.7957
6.61975
1.76836
1.77757
4.47839
4.91444
1.7581
1.76403
6.79872
1.98593
1.77222
4.62596
5.33614
1.77516
1.77932
4.90201
1.81843
1.78427
5.06448
5.39064
1.90099
1.77121
6.45303
5.57595
1.7712
5.39766
4.10105
1.78257
2.74051
6.19467
1.78678
4.51327
4.317
3.78874
1.77534
1.79132
6.43915
1.75854
1.8452
4.55279
5.12585
1.77632
1.80084
4.5168
3.55557
1.78545
3.39356
4.54859
1.80032
1.75046
5.70148
3.29028
1.96959
3.4587
5.629
1.80462
1.78743
5.07613
3.41184
1.7598
3.06523
6.17405
4.8034
3.88466
5.40224
1.77048
1.77639
5.92467
1.79016
1.76594
3.19934
6.35727
1.78797
1.78575
5.92685
4.79808
1.8125
1.77211
5.90959
1.80396
1.78004
4.97217
4.39077
1.7765
1.75652
4.36121
1.78655
1.77904
3.32686
5.10526
1.79493
2.11737
6.07412
2.12456
2.09871
3.51457
5.85244
2.11778
2.11318
5.47574
5.29945
2.11175
2.13035
4.62519
2.11456
2.10654
5.05581
6.24222
5.27865
2.12078
5.7234
2.11325
2.0911
5.28468
6.35611
1.76979
5.1256
5.31769
1.78184
1.83852
2.68872
5.40637
1.7767
1.76058
4.91114
3.26501
1.78743
3.46353
5.36198
1.79117
2.1184
5.92535
3.71468
2.12685
3.60154
6.50578
2.12015
2.14755
5.53065
5.09764
2.10745
2.13439
5.62
2.11965
2.14858
5.1555
5.39775
5.01032
3.58828
5.46741
1.78263
1.76795
5.2695
4.14232
1.78736
5.62496
4.38004
1.75821
1.76183
6.57267
3.04167
1.75894
5.37407
4.93286
2.2387
1.77583
4.88187
1.75623
1.79352
3.67801
4.71762
1.77416
2.08542
4.80312
2.12602
2.10144
3.94422
6.67518
2.12801
2.11973
6.49431
6.1137
2.13769
2.41163
6.57943
2.23255
2.10729
4.80691
5.8392
1.79249
1.7732
5.40665
1.77611
5.93647
4.94384
1.77321
1.7648
1.89537
5.79719
1.76422
1.99345
6.35291
2.13493
2.13515
3.88623
4.75791
2.10201
2.10938
5.97071
2.34264
2.12814
2.47989
5.83337
2.11864
2.10142
5.20943
3.98922
2.11607
1.77537
5.6483
1.78322
2.11086
5.02323
4.96025
2.16344
1.77379
5.42732
1.77491
1.79709
5.06833
4.5194
6.05432
3.37718
5.81132
1.78869
1.78426
5.67999
4.00996
5.37845
1.9497
5.54504
1.7686
2.30693
4.92338
4.08398
5.53243
5.24933
5.74542
2.12094
2.10174
4.8281
4.48104
2.10049
6.1967
5.76907
2.10427
2.1109
2.56819
6.21077
1.78687
4.84398
6.26324
5.22466
1.97221
1.77205
5.90145
3.19794
1.80633
4.74227
4.92147
1.82375
1.7923
3.5848
5.80909
1.78954
1.76089
4.62539
3.29527
1.79543
1.8615
6.30898
1.77853
1.83726
5.78969
5.13747
1.96643
1.78088
4.81754
1.76024
1.81231
3.59222
4.39448
1.75825
1.80985
4.9208
1.78454
1.75801
3.40031
6.55418
1.76807
1.81391
5.21024
1.812
1.75615
4.33525
4.48938
4.64689
3.63074
4.3951
1.78745
1.7596
5.23084
4.61816
1.8054
4.87035
6.42317
1.78714
1.76048
5.50173
1.7526
2.13228
4.69577
5.38411
2.11033
2.1373
6.63411
4.83431
2.09463
4.69444
4.84761
2.11273
2.11547
3.67091
5.05668
2.1051
2.12367
6.02121
2.12248
2.11506
3.65304
4.88338
2.13808
2.10158
5.23661
2.11851
2.10524
5.31934
4.84799
2.09626
2.1102
6.64548
2.11801
2.14191
4.60973
2.10812
2.10654
2.10676
5.47182
1.77849
5.42266
4.42759
5.12494
2.11592
2.10732
5.46019
2.12258
2.11162
5.21716
6.11814
2.31853
2.10215
4.69906
2.12567
2.2241
3.57541
5.48728
2.13198
2.12414
6.04579
2.1035
2.1086
3.86723
6.66312
2.11233
2.09976
5.90394
4.83927
2.12562
2.12057
5.41581
2.22108
1.77516
5.19731
1.79478
1.76776
3.59473
4.60953
1.76956
5.41052
5.34239
3.29203
1.80715
3.04456
5.66441
2.12252
2.14518
6.31435
3.75897
2.13569
3.81178
6.14071
2.14905
3.03072
5.24696
2.13249
2.14697
2.89734
5.82088
2.09829
2.1259
6.39111
1.78704
1.78822
4.61759
5.1068
1.78894
1.85899
5.3264
1.76293
6.07343
4.8714
6.41797
2.13161
2.28702
4.58996
2.1079
2.13221
4.23007
5.31367
2.12532
2.10703
6.20647
2.11161
2.14233
4.67635
4.71441
1.87188
1.78456
5.04387
1.82065
1.77465
2.16097
6.57357
2.12627
2.2953
5.74995
3.52444
2.10032
3.79822
4.81166
2.13412
2.11329
5.73075
2.33198
2.10119
2.21119
5.72053
1.85399
1.78691
4.69358
5.30913
1.75808
1.77896
6.1625
1.79207
1.94885
4.87869
1.77907
1.78578
3.69177
6.03286
1.83625
4.45819
4.49766
4.97598
1.77761
3.43091
5.49295
1.77858
1.77259
6.3981
1.83521
1.772
3.43878
5.429
1.78559
1.75299
4.79612
3.21621
1.76041
1.92981
6.60465
1.76516
1.77107
5.13208
5.25826
2.11255
2.10383
4.85977
2.12692
2.0918
6.09469
5.11161
2.11432
2.11623
6.73004
2.19335
2.33351
3.60464
5.53693
6.26927
1.77299
5.03542
1.77044
1.77301
2.62139
4.61018
1.7857
5.0715
5.33269
1.79175
1.77469
3.31164
5.63131
1.77577
1.76512
4.0006
5.05579
1.7745
1.94359
4.79426
1.79405
1.78359
5.41848
4.39085
1.76266
1.76863
6.13147
4.56333
1.81331
1.74733
5.37651
1.79169
2.09935
3.85691
5.46025
2.10394
2.11535
5.52497
2.11812
2.13552
4.85024
5.24131
2.13943
2.13404
5.08676
2.14753
4.70507
5.77951
4.04588
1.78703
1.79885
5.3335
1.78822
1.76113
4.36367
1.77002
1.7739
6.0441
5.64643
1.76762
1.78035
6.07516
4.2178
1.77155
2.84526
4.3676
1.76985
1.77108
6.04326
4.73983
1.76505
2.32453
5.93489
2.08693
2.10918
5.72314
3.73596
5.67195
6.70466
4.93744
2.11782
2.0973
4.80525
2.10413
2.11307
5.66675
5.45631
1.764
1.88087
4.45109
1.78142
1.77084
6.31028
4.44457
1.79981
1.80357
5.44299
1.80506
1.79984
6.31337
4.3125
1.78886
5.93562
6.32513
1.99038
1.79666
6.01775
4.749
6.39521
6.61922
3.96652
1.767
2.13474
5.68274
4.60348
2.14228
4.71294
5.67249
2.24369
2.10664
4.67305
5.43473
2.11849
3.60335
6.65691
2.16623
2.12625
6.36159
6.09308
1.80299
1.75534
5.33729
1.78905
1.77072
4.01515
6.10239
1.78637
1.75345
6.28459
3.1993
1.78657
3.30728
5.12347
1.76865
1.78192
4.14289
4.85857
1.76169
4.88544
5.13904
1.77263
1.76291
4.62373
1.8013
5.88738
5.386
4.13837
1.77733
1.86929
5.16769
2.1194
2.1465
5.72078
3.6773
2.09701
3.59337
5.91762
2.11687
2.34543
6.44124
4.84204
2.1216
2.23478
6.25449
2.10276
2.12732
6.28447
4.77944
2.12503
3.76645
7.01398
2.11268
1.80037
4.82769
5.09308
4.77696
2.69275
4.8772
2.12035
2.30566
5.59415
5.23122
2.16276
6.78553
6.20304
2.09908
2.1237
5.25429
5.01683
1.78824
1.8103
5.13467
1.81033
1.81162
5.37099
5.03961
1.80765
1.76132
6.42451
2.15704
1.76306
3.71142
5.81107
1.80416
1.78835
4.96767
4.34474
1.78175
1.79668
5.879
1.78632
1.80519
3.38919
5.84035
1.80895
1.76204
5.72356
1.79995
1.75982
3.52674
6.71906
2.3245
2.29312
5.72547
2.1045
2.11967
4.59141
5.24663
2.12106
5.54921
5.02725
3.73346
2.10743
3.84671
5.09134
2.13192
1.77128
4.66351
2.93928
2.1358
2.24713
5.67219
2.14398
2.1005
4.93439
5.75937
2.14241
2.11012
5.11397
4.53272
2.12221
2.18215
4.7889
2.15003
2.13772
5.53177
5.06295
2.14117
2.11322
5.62498
3.75975
2.11512
5.22649
5.65214
2.10489
2.29354
5.66305
3.70223
5.02616
4.16933
6.5425
2.11828
2.08645
6.15388
2.12335
2.14481
5.71525
6.48088
2.10132
2.1272
5.87508
4.72311
2.1075
2.16407
6.2052
3.63299
2.15125
2.34468
5.59768
2.13248
2.12258
6.42176
5.0432
2.14081
2.12924
6.77346
2.11927
2.12932
3.54019
6.58534
1.79286
1.76618
6.17382
1.77939
1.80592
3.43493
4.12543
1.79278
2.30873
4.82085
2.114
2.12987
3.91924
5.98916
2.12681
4.68176
5.71741
5.01296
2.12701
2.13513
5.67266
2.12283
2.11965
4.56739
5.23088
2.10764
2.10433
5.70431
2.11983
2.09984
5.93744
6.82394
2.10095
2.14694
4.95546
3.31786
2.11053
3.50943
5.58864
2.15006
2.09224
5.74359
3.59459
2.12941
2.12722
4.69428
2.10713
2.14228
6.23314
2.10217
2.10427
5.0585
6.05025
1.78568
6.70131
4.93504
2.12101
2.09188
6.18137
5.76111
2.09573
2.12194
4.99344
2.11597
2.12144
5.78128
4.66408
2.10582
2.13559
6.20711
1.78911
1.77435
3.54875
6.3569
1.79722
1.83081
5.75072
4.42862
2.11141
3.79787
5.7116
2.14918
2.10614
6.91808
5.1005
2.09759
2.18307
6.53453
2.12796
2.10409
4.52944
5.61969
5.74546
5.00126
6.5138
1.76728
2.14837
5.75326
3.74895
2.09914
4.67982
5.80227
2.11951
2.22815
5.44078
6.52648
2.13386
4.86851
5.11455
2.13534
2.11979
3.99737
6.46822
2.09619
5.91137
5.86018
3.97055
2.12605
3.83842
5.69481
2.21964
2.58796
5.28162
5.94322
4.74101
4.54647
5.93645
5.76688
4.65873
6.56726
5.42825
5.51969
6.60653
5.46237
4.70047
5.88784
5.07612
6.70117
5.77234
5.72482
6.25563
6.73385
5.72798
6.91705
5.24128
6.69709
5.20019
3.84249
3.70037
3.69531
3.80489
