3.37884
3.98796
4.10201
4.53863
6.0819
3.30428
5.06594
4.21903
3.32368
4.71516
3.27504
1.74198
3.34182
1.74795
3.60827
1.78458
4.81787
1.73394
3.17315
4.25103
3.83756
1.72988
3.53435
4.37094
5.19245
3.42093
1.75407
1.73419
3.32026
1.75543
1.69967
3.24117
3.12031
1.72215
1.74044
4.3961
4.39512
1.73992
3.36954
3.35696
4.11351
3.23216
4.58963
3.6999
3.77167
2.05872
2.09487
4.18219
2.14816
3.48694
4.18577
5.41399
4.38806
5.13331
2.05421
3.67132
2.07154
3.62928
5.16906
4.21424
3.33715
4.67011
4.40737
4.05553
3.31126
3.24132
4.47187
3.97298
3.37309
3.91189
5.09874
2.09009
3.47932
4.62199
2.08238
4.60855
2.0591
2.06273
3.83996
6.21207
2.08148
3.82398
2.13639
3.27978
2.07191
1.73868
4.79752
4.85304
3.28333
3.40442
4.79619
3.14299
3.087
3.14604
3.31531
3.40406
1.73806
1.7228
3.64756
3.38533
2.88544
3.68505
4.63919
3.60182
1.72132
3.35063
3.31247
3.67747
2.07806
3.71028
4.33987
3.78018
2.07046
3.67688
4.44088
4.42783
4.19028
5.44111
3.5637
5.22894
3.68144
3.74142
2.07147
3.93108
2.07974
3.75041
3.69059
2.04723
2.07048
2.05273
2.03621
4.98155
3.75214
2.0605
2.05236
2.05803
2.06292
5.13576
6.16625
4.47086
4.15162
5.3805
1.74239
2.85643
3.74212
3.67863
5.02927
1.73667
1.78218
3.14597
1.71799
1.73415
1.72843
2.70206
3.06711
2.09914
4.23133
2.35509
3.64591
3.22875
5.31098
2.0597
3.97265
5.36981
4.59534
3.68599
4.5737
2.05565
5.65614
6.10454
3.11888
3.35952
4.32341
4.7315
3.54693
3.32754
3.21982
4.83677
1.7796
1.72877
5.36912
3.39019
3.20974
1.72785
1.78013
3.43163
5.05829
1.74979
3.42049
3.33715
3.45445
3.20853
1.749
1.73059
2.08743
3.28992
4.78492
1.71182
1.74195
1.70946
4.45455
1.7181
1.75593
1.72471
3.38357
1.72084
3.36802
3.35001
1.72226
3.57373
3.06908
3.54887
3.40027
4.7441
3.39554
3.42173
3.5058
3.32767
3.29285
1.72568
4.4286
3.26205
1.72087
1.73636
4.82197
4.4145
1.72539
4.78596
1.73361
1.71394
4.56288
4.40556
1.95271
1.71751
2.28667
3.41211
3.29232
2.92918
3.32906
4.28387
2.96354
1.73154
2.82387
5.09042
3.36002
4.99816
1.71941
4.64263
4.08159
3.26223
1.79644
3.40532
1.74975
3.83807
5.46969
3.32159
4.2101
1.75303
1.76254
4.3646
1.73428
1.72882
3.47528
3.49933
3.38038
1.7429
3.20588
4.64446
3.17445
3.32576
3.30133
3.33626
3.42774
3.47676
3.41537
3.60822
3.42257
3.46578
3.4923
3.29063
3.20757
1.72455
4.88942
1.80044
3.61379
4.03967
3.18893
3.29445
3.99178
1.73864
1.74681
3.51075
4.73747
3.44724
3.58887
3.30127
1.74308
3.58309
3.12072
5.04061
3.41212
1.74254
1.79678
3.44226
1.71882
1.76236
1.72571
1.81457
4.86249
3.41658
3.405
3.48724
4.2314
3.39341
1.7395
2.09507
1.73093
1.7543
3.36853
2.94511
2.09335
2.11459
4.60938
5.41614
2.08084
3.712
4.89946
5.61953
4.85195
2.07109
3.6796
3.53628
2.91449
2.91276
3.49599
4.76022
4.9802
3.40148
5.01502
1.75715
4.76102
4.46718
3.4143
3.98479
5.04566
4.39367
3.39863
1.71563
2.26102
1.74391
1.72454
1.72155
2.06102
5.22565
3.77094
2.05828
3.44586
5.29191
2.04368
3.8122
2.07642
5.04903
2.27064
3.57376
2.06159
3.76237
2.05233
4.92518
4.3623
4.69937
1.73725
3.52654
3.41176
4.73515
4.64224
3.66815
2.09653
3.79328
3.51767
3.61315
4.62761
2.05947
4.20591
5.91617
3.94689
2.06269
1.7372
3.42058
1.72232
5.21864
1.72764
3.52074
1.72496
1.70977
5.41349
3.36147
3.40471
5.05407
3.43144
1.74233
1.73373
1.7182
3.16566
4.80292
1.73267
1.90662
1.75463
1.99716
3.44684
3.13963
4.37734
1.76987
3.55867
1.71532
2.77426
3.2125
1.72909
4.35653
1.72856
3.399
1.77736
3.00788
4.93956
2.33989
1.72369
4.85137
3.76485
1.93337
3.27132
1.73292
1.72719
1.73046
2.97016
1.72728
3.2521
1.74254
3.15774
3.5138
4.54152
6.39797
4.73949
4.03014
3.57464
1.72318
4.4606
1.72914
1.92036
1.74108
3.44964
1.7225
3.51055
3.50029
3.32088
3.35434
1.78064
3.34126
3.56373
3.56835
3.23989
2.88784
4.72475
3.45702
4.81962
4.25858
3.42473
1.73329
1.73358
3.39521
4.70931
3.21939
3.42299
4.07736
1.7987
1.73423
2.93638
3.48347
3.34074
1.73284
4.87786
3.43817
3.9108
3.40504
3.25143
6.33251
4.54299
3.18834
4.4239
3.3759
5.01109
1.93411
4.34964
1.71379
3.15352
1.72813
4.70386
3.24702
3.17534
1.73035
4.77198
3.49346
2.92621
3.72316
1.77166
1.73347
1.72225
3.58825
4.37398
3.44181
3.33881
4.43342
3.56659
3.41458
2.90932
1.97089
1.72969
3.30503
3.33464
4.66397
2.45305
3.78166
4.71134
3.69831
4.49707
4.85654
3.6361
5.01977
3.71201
5.13448
2.91268
4.68324
3.73212
3.40171
2.26415
2.10733
2.05103
3.39052
5.41943
4.45624
3.29565
4.80458
1.80033
5.01067
1.71239
1.74149
4.70148
3.12528
1.96511
4.34196
1.72855
3.9867
1.73971
3.17937
3.2053
4.10912
2.0865
3.63516
3.51668
2.05304
5.21224
2.13275
3.79893
2.07806
6.38345
3.71247
3.56965
3.46638
5.23069
3.67034
3.61716
2.08869
2.08984
2.06452
5.25394
3.52155
6.49479
3.90498
2.07503
2.05854
3.72233
4.09865
5.43742
4.86871
2.09574
3.8064
4.25514
2.10301
4.66498
4.65763
4.07234
5.38849
3.09297
3.65102
3.71756
3.68177
3.72817
3.56232
3.80615
5.52156
2.06207
2.08807
2.06575
4.89248
2.07348
3.67864
2.05147
3.48262
5.05314
4.53878
3.24894
3.74522
2.06703
3.30128
4.68326
3.76587
4.55875
2.08994
4.86602
4.59267
3.4208
3.36808
4.25286
2.54205
1.73694
3.46343
4.36613
3.44123
1.73116
4.44416
3.31103
1.74143
1.73464
3.58309
4.85055
1.71439
2.64926
4.08792
3.36519
1.72567
4.90751
3.32533
3.47579
4.26016
2.89383
3.15418
4.68303
3.33403
4.70748
5.18894
4.33085
3.44934
3.41125
4.75405
3.37173
3.08606
1.71613
3.46475
3.21762
3.84682
5.45905
1.76355
3.37627
2.74529
4.99143
5.40288
3.2582
3.36967
3.27592
3.21905
1.73413
3.37431
3.3747
4.39205
3.71652
2.8145
4.34231
3.42038
3.19527
5.65219
2.0134
3.3251
1.73707
4.73278
3.59583
5.462
4.89771
1.73937
1.7288
3.34378
2.08008
3.40993
3.48158
5.61092
3.75111
3.79111
3.77943
5.08636
2.1609
5.54395
2.92268
3.23327
3.6477
3.75851
3.73736
3.35149
3.4899
1.72522
3.26725
4.25224
5.03712
3.40467
3.16745
3.25653
1.74266
1.73945
3.46028
1.72386
4.50398
3.2164
2.8802
3.41175
3.34385
4.89831
3.67242
5.02847
1.7389
5.06447
4.58486
3.38208
1.72034
2.06007
3.47404
3.49391
4.85764
2.12179
3.7558
3.74054
3.34614
2.09421
3.23851
2.04631
4.58915
3.60583
2.06583
4.76811
3.10754
2.56043
1.87336
3.44027
1.73858
4.70033
1.7356
3.58022
1.73753
3.48689
2.91412
3.0843
3.63788
3.52003
3.22199
4.8173
4.43637
3.34945
3.2574
3.40413
2.06708
5.34333
2.0644
3.71707
3.80515
2.05367
4.46292
2.0468
3.42341
2.16946
2.07964
3.63858
3.35317
3.65239
2.08193
2.07085
5.47648
1.74819
3.31469
3.3113
6.1518
3.48649
3.50218
4.90228
5.26568
1.72788
3.79346
3.37414
3.31823
4.13571
1.76922
3.29219
4.26561
3.24063
3.78438
3.46618
3.13752
3.28789
4.29486
2.95598
2.08233
2.04469
4.6396
2.0971
3.72587
3.76442
3.70415
3.50784
2.23596
3.6678
3.7358
2.09671
2.17139
3.51813
4.8098
4.62174
3.6642
2.08299
3.37414
3.30318
3.96709
2.06324
3.73913
2.05237
2.08092
5.00349
3.68208
3.859
3.49315
3.32113
2.26323
2.08894
2.06441
1.82595
3.4081
4.91583
3.48166
4.66333
1.77536
3.06248
3.44433
3.32755
3.32886
2.61614
1.72795
1.7814
4.92927
3.38804
3.2593
1.74208
1.98248
3.18962
3.72334
1.72494
1.74133
3.83935
4.3203
3.4916
3.353
3.57729
4.72435
4.78851
1.73041
2.73366
4.18506
3.43831
3.28219
1.72866
1.72577
1.7585
3.55633
3.27508
3.45196
1.82547
3.50006
2.75451
3.28516
1.7516
2.72862
4.42395
4.23272
6.1003
3.34048
1.72901
3.38507
2.99356
3.40868
4.9346
3.33494
3.39555
3.05958
2.06374
2.06684
3.68523
3.76429
3.53019
3.93744
2.05567
3.68909
4.66662
2.11795
3.62027
3.78587
3.73892
2.92424
2.04382
2.05293
3.73333
4.44442
5.35171
3.2956
4.84556
3.79193
4.91732
1.73663
1.7293
3.39671
3.47838
3.10877
3.26912
1.72275
4.59692
3.39765
3.69016
3.11123
4.16375
1.75088
4.25859
1.73983
3.31388
4.4541
3.14503
4.36917
1.74186
3.35277
1.76567
2.92257
3.43685
4.31889
3.4468
1.92887
4.31834
4.16007
3.43329
5.4412
3.43114
1.74815
3.86218
1.73152
6.3992
3.46063
4.37772
2.97294
2.01438
3.24694
1.73551
4.30572
3.65273
4.24967
2.81838
1.74799
1.7274
1.72753
2.84138
1.74455
3.21678
3.6123
3.23619
2.31596
1.71261
1.71852
3.31442
4.96411
2.06552
5.58768
2.7128
4.7792
5.45098
3.24686
2.87298
3.68133
3.42132
3.75342
2.04557
2.93787
6.51739
3.78363
2.08677
3.82735
3.53548
3.35112
4.77926
4.16064
2.57944
3.36297
3.14648
1.78096
1.71806
1.99814
1.72827
1.74012
1.74639
3.61841
3.91936
1.72631
2.26044
1.95243
3.43676
1.7164
3.28052
1.72096
4.79726
1.72347
4.09506
1.71816
1.74899
3.70151
1.84443
5.03135
6.36361
4.09844
4.83792
3.23754
3.37618
4.96817
1.73302
3.36757
4.50368
3.52739
2.80051
3.75982
4.9609
5.32809
3.17124
3.5702
2.0628
3.88387
3.97756
3.30813
3.75654
2.37879
3.64859
2.06341
2.09901
3.52039
2.08111
2.07466
4.18862
4.79788
5.9384
5.09327
2.05681
3.45938
3.72867
5.30103
5.34535
3.50478
3.31153
2.0688
2.08954
2.02949
2.06356
2.07316
2.04236
4.52935
4.02792
4.61799
2.08255
4.60376
3.59825
3.77329
5.06908
2.07068
3.76099
3.81156
2.15817
5.1022
2.05643
3.29193
6.49485
5.24655
4.89602
5.33441
2.08952
4.91416
3.57344
3.66706
3.29453
3.30434
3.84208
2.06319
2.26286
3.31896
1.72397
6.05817
3.32691
3.37076
3.36621
4.43836
3.75381
3.82766
4.87915
4.81367
5.10219
4.672
4.34247
2.07226
5.28571
3.84817
4.64705
3.42083
3.78214
3.24707
4.01322
2.07391
2.38593
2.06496
5.21823
3.59061
2.06708
3.75527
2.38374
3.26244
3.53247
2.05068
2.36676
3.78925
3.77686
5.50613
3.27394
3.75103
3.64232
2.05666
2.06758
2.28859
3.6938
3.95777
3.67082
3.65336
3.75227
3.92032
3.70823
4.77783
1.9086
1.71739
2.10475
4.57958
3.9913
2.06237
3.58647
5.86418
3.68109
2.07089
2.08209
2.11549
3.9284
5.44097
2.22268
3.91596
5.4732
5.33009
3.80455
5.08378
3.42082
2.1329
3.55505
2.07284
2.08432
3.89274
3.70476
5.1488
5.36791
3.72691
2.07308
2.05541
3.77779
3.6755
2.30762
3.55517
2.05782
2.07986
3.61999
2.06989
2.0622
3.48843
3.3909
1.71793
3.44236
3.49911
4.97869
3.34725
4.15216
1.72312
2.04884
3.81092
3.71957
3.44289
5.14359
2.66724
2.27019
4.11764
5.29475
5.04486
2.04695
2.11404
3.46931
2.06692
4.71755
4.59343
3.64229
4.29502
3.47484
5.83997
3.50741
4.87946
5.46246
2.09383
4.42422
2.0763
2.25951
5.04951
3.81509
2.08146
3.92597
3.49114
2.04998
5.12293
3.67776
4.54327
3.7427
3.53945
4.98567
5.47243
3.92542
2.09364
1.71948
1.76421
4.9459
3.33047
3.57133
2.07587
4.73483
3.85596
2.0589
5.41254
3.78079
3.28363
3.67754
5.04233
2.11064
3.95857
3.4922
2.07361
3.35596
1.74151
2.36034
3.26913
3.38829
4.86784
1.71143
3.53599
5.62353
3.64462
3.17082
2.98181
2.05648
2.08678
2.17698
3.73009
5.40497
5.01851
4.64968
3.81156
5.03571
4.45925
2.07936
3.7657
5.76702
5.70133
3.9228
4.37745
3.6576
2.98133
3.36032
4.49762
5.42067
3.66346
3.59775
3.94444
2.05887
2.09368
4.65106
6.31311
2.05139
2.04503
6.35362
5.46607
2.05692
2.04502
3.81164
3.63192
3.76148
5.48548
5.19236
4.4128
4.00546
3.50951
2.07913
3.71902
3.743
2.0714
2.0674
3.59296
3.48551
3.49049
2.10762
2.05149
4.92104
6.29778
3.77055
3.58558
3.9627
3.89758
2.12744
1.72047
3.40163
4.37707
3.32654
3.90815
2.03767
3.23965
3.46257
3.8035
3.20964
2.07981
3.85332
2.04056
3.60072
3.87504
3.66199
4.78637
3.6984
3.7077
3.14408
3.74151
6.37925
2.06173
5.3326
3.24957
5.10562
3.96302
3.01747
3.42525
2.87731
2.77342
1.78909
2.06437
4.49439
5.7085
4.57978
2.10944
3.97841
2.06882
3.14239
2.07472
5.39751
2.06769
2.05813
3.69441
3.20957
4.84052
2.27574
3.62262
4.17903
3.6351
3.84003
2.09552
3.46648
2.13805
4.6578
3.58472
2.09732
3.46795
3.4876
3.93442
2.03937
5.34884
3.83589
2.06408
3.73369
2.07285
3.65464
2.946
2.36431
3.34813
3.19225
2.57133
3.38892
1.72402
1.72963
4.59698
3.66934
4.64327
5.32017
3.50175
3.76766
5.3092
5.64686
3.89402
2.04934
3.7562
3.83003
3.77146
2.2515
2.06992
2.03381
5.56743
5.85832
3.45492
2.07903
3.65001
4.93233
3.83877
2.08817
2.05875
3.54226
2.43906
2.03544
3.75218
2.94639
2.04968
2.07063
4.99565
3.87495
5.54982
2.2827
2.0702
2.0413
2.11068
2.92361
3.65573
2.06727
3.57746
2.04525
3.67847
2.06622
2.13136
