3.38621
3.4056
4.5764
4.29015
4.00661
4.28497
4.1824
5.14291
1.76434
1.75135
3.31675
3.08221
1.75883
2.09136
5.42723
2.10459
2.09974
4.02954
4.46447
3.91311
2.93122
4.51242
4.14447
4.50957
4.18119
4.61504
2.09275
3.6247
5.09698
1.77878
3.09702
3.83012
5.13747
5.3632
3.1111
3.94962
2.2901
2.08077
2.1088
4.60331
4.05614
2.11672
3.46598
3.69978
2.89624
2.1205
1.79613
3.1662
2.63648
3.53214
1.77998
1.75421
3.4366
2.80969
1.77061
3.45129
3.31356
1.97351
1.97542
4.89982
1.73873
3.3725
4.40005
3.33669
4.4478
3.12881
1.78349
3.35395
1.77901
2.09246
2.09782
3.85898
2.08035
3.76052
3.75641
2.14898
2.10752
2.08105
2.31506
3.8334
3.9706
3.41194
2.09972
3.72274
3.70379
2.07981
2.09397
2.20034
3.35752
1.92488
1.75268
3.49365
1.76611
3.38553
3.77872
4.72647
4.94823
5.77924
3.67534
2.09791
5.13881
4.49303
2.13008
2.69885
2.12229
3.50558
5.19106
3.64022
2.11714
1.7575
3.28667
2.36014
3.81191
2.1404
2.0943
2.16917
4.74067
2.14539
3.74093
4.37096
3.70629
5.38228
3.6493
4.46213
3.6272
2.11136
3.50474
3.11955
1.84584
1.73303
1.75707
1.74558
2.01234
1.76671
4.89753
1.77437
6.34179
1.77474
1.784
1.78558
3.61091
3.42471
3.05505
1.97412
5.0671
1.82573
3.32468
3.75192
1.97587
3.39119
3.61095
3.35408
4.76664
1.75798
4.69628
3.87713
5.40206
3.39186
4.74976
3.7654
5.42134
2.13456
4.03755
3.74569
2.28376
3.87599
2.11382
3.86861
3.76246
3.91304
3.80903
5.05226
3.45251
1.7627
4.79349
2.11672
2.10415
4.686
3.79067
2.08871
3.73946
4.71678
2.08631
5.58926
2.09608
2.09317
4.15835
5.34561
2.10739
4.40005
5.22346
3.79956
2.113
4.72523
3.28255
4.93288
3.33444
3.03355
3.38427
5.11539
1.77227
1.76735
2.77334
1.81413
4.7474
1.81007
1.7638
1.7514
2.00088
3.16516
1.75251
4.40698
1.7558
5.17324
3.55998
2.82901
3.3561
3.69957
3.93449
3.64283
3.55719
4.85454
2.09584
2.10981
3.61457
3.64145
3.73326
4.76838
5.19269
2.09745
4.29053
3.78079
5.05313
3.40604
1.75666
4.37624
2.94823
2.58056
3.2884
4.06435
1.77691
2.82506
4.64849
2.42613
4.86857
4.34103
5.95157
4.33857
3.01702
4.87103
2.96149
1.78207
4.27076
3.36924
1.76526
4.6766
1.77402
3.28276
1.77452
1.74173
5.04997
5.24846
3.18785
1.77456
4.93345
4.98858
2.12392
3.64839
2.13595
2.22016
3.80351
2.08387
3.77055
2.08484
5.00145
5.39015
4.78214
2.1341
3.72571
3.73579
3.74613
5.27577
3.78708
3.50966
2.1028
4.89847
3.35258
3.4714
1.74683
1.74042
3.3819
3.18729
1.79738
1.77217
1.73582
3.52555
3.43761
4.2242
4.31519
3.38419
1.74245
1.76096
4.23593
3.10587
4.25354
3.37437
1.76237
3.94531
3.30312
3.86287
3.7703
2.08239
4.66143
2.09498
4.62673
3.49553
3.74012
3.65178
3.01115
2.08549
5.26137
5.76845
2.09418
3.71442
5.08315
3.7598
1.76525
2.6327
4.35479
3.94687
5.27183
4.17895
3.66455
4.71448
2.88473
3.67911
3.69919
3.66813
3.81665
5.23725
2.10728
2.08678
2.10344
3.79343
5.37775
1.80831
3.30997
1.75679
3.64829
3.53574
2.08857
3.42791
3.68496
2.11315
3.94588
3.79338
3.65535
4.83776
2.10112
2.36248
5.36125
3.77586
3.82744
2.08822
1.81764
3.20598
2.32442
1.7592
1.76975
4.54428
1.81708
5.5554
3.57861
1.75542
3.11295
3.79928
4.38898
2.02948
1.75449
4.65549
3.67334
5.13771
3.06917
4.58772
1.76833
2.80778
1.76677
4.90475
2.01104
3.39068
1.77008
3.42973
3.44628
4.75984
3.03342
4.05526
4.90268
3.45033
3.4987
1.76751
1.7458
5.06419
3.37434
4.37919
3.50088
2.63184
3.14419
4.36704
3.16517
1.75745
3.60439
4.45789
3.32917
3.52226
3.30861
3.76832
3.49232
2.10049
4.14448
2.08577
2.07656
3.45339
2.36556
2.07902
4.22036
5.79378
4.4817
3.81349
3.39657
3.54644
3.66882
1.7599
3.41993
1.79468
1.75051
1.74142
4.25421
3.24303
3.35069
4.99603
3.32503
5.13704
3.64379
1.76426
3.43913
3.76317
2.82233
1.95972
1.73767
2.55721
1.78267
1.75601
4.42823
1.74574
2.86095
2.22967
2.08694
5.2023
2.08535
3.81218
3.67347
2.07929
5.18722
4.97381
2.10083
3.90069
3.74459
5.0498
3.30467
1.73951
4.88461
4.7
3.25642
3.48268
4.23092
3.56893
3.29098
3.76706
3.33098
4.77354
3.45225
3.19397
3.1931
3.4143
5.21319
1.76118
1.76931
1.77713
3.3863
3.58528
1.76017
1.7496
5.32071
3.41341
1.77525
2.07564
2.08798
3.18717
5.26315
2.08555
2.11338
3.02894
2.0758
2.10257
3.22054
2.05337
3.07581
5.37506
3.74836
3.60312
6.54571
3.21912
3.93152
3.54327
3.85437
2.08928
5.34564
5.18141
4.79224
2.11032
4.18373
2.53355
2.66372
3.11207
1.76866
3.22542
3.09606
3.80731
1.74441
1.74512
4.26214
1.73677
3.30959
3.53097
1.75684
3.36859
3.40907
4.72417
1.77386
3.54491
1.74866
4.29784
3.34078
1.76451
4.35691
2.96475
1.74324
4.65491
1.79755
1.74653
3.43107
1.76181
4.1332
3.75861
5.3581
3.73831
5.80661
4.8127
2.1275
4.61874
3.26431
2.06626
3.6985
3.41631
3.68252
4.85775
2.11086
5.0706
6.22128
5.35277
3.74138
3.7597
3.72443
3.97911
3.79115
2.17936
3.73963
2.28721
2.07913
3.65877
3.69212
2.1097
3.82779
2.10037
3.82248
5.29464
3.59275
3.71861
3.72357
3.43822
2.14014
5.3995
3.01835
2.05481
3.6446
5.17648
3.89446
2.0854
3.47434
4.2213
3.6339
3.76734
5.13752
3.78047
2.10548
2.05387
3.74186
3.76562
1.75121
3.45925
4.83206
4.41328
3.61014
4.88642
3.38351
3.29884
3.39879
1.75317
1.74916
1.74334
3.51982
3.61945
4.41509
1.77436
3.44984
3.48045
1.73637
3.19757
1.73803
1.72508
3.24585
1.75193
1.74495
2.00223
1.77084
1.75912
4.77293
4.87544
4.54033
3.32131
3.19091
3.16597
4.79388
4.23252
3.47355
1.74975
1.76385
1.77266
1.74631
3.30052
3.55564
4.84149
2.88329
1.7406
1.73858
3.05804
1.76495
5.13364
3.53559
5.04757
3.62234
1.74425
3.22207
3.58333
3.58255
3.20733
3.10644
4.77186
4.4254
3.37072
1.74059
1.74578
1.73339
4.86441
1.72604
2.83916
3.52151
3.47094
5.32543
3.89394
4.9853
3.20981
6.11731
5.07006
3.38823
3.36575
3.32686
3.4597
3.32431
3.59757
1.74246
3.28343
1.75243
4.26818
3.39752
1.74042
4.72352
4.83295
5.6931
3.48353
3.31916
3.09474
1.74188
4.87978
3.42017
1.72032
3.10965
1.87492
1.7579
3.06927
1.72186
3.1641
3.41299
4.91862
1.74486
1.7272
2.71247
3.50059
4.76368
4.30416
3.11001
3.65993
1.76678
3.34583
1.72749
3.38458
3.7175
3.47857
3.55643
3.53873
1.73454
1.76736
3.20961
2.01864
4.80349
1.76583
3.31587
2.81187
3.64366
3.32148
4.69724
2.85238
1.78807
1.74014
1.73966
3.42442
1.74607
3.21452
3.0974
1.9068
3.32432
5.49393
3.94618
2.10351
2.75574
5.77197
2.97282
3.61953
2.08856
2.09404
3.6016
5.54588
2.08483
2.11426
4.9127
5.68153
4.65267
4.62591
1.75358
3.16459
3.31625
3.30234
2.01701
1.93286
4.37526
5.2651
2.0437
5.03536
3.66479
1.72352
5.28638
4.8679
3.42711
1.76349
4.80741
1.94257
3.37595
3.45256
5.21477
3.14855
3.89877
3.38235
1.73653
2.33045
3.46348
4.78931
3.84688
3.62437
1.7461
3.29795
1.71335
2.84062
1.77764
1.73512
3.38754
1.7837
3.48221
4.82388
4.69606
1.74678
1.73976
3.62674
4.16861
3.27481
3.35997
5.5992
5.45983
3.78174
5.21783
3.65455
5.67985
2.08271
3.68236
2.35882
3.46947
3.41163
5.45871
2.08341
2.08847
5.18056
3.66652
6.19702
3.71847
5.31105
3.71625
3.6669
6.63633
3.83309
5.24441
3.93028
3.67868
2.08039
3.80673
4.48268
3.34967
3.2497
3.44878
3.44684
3.36411
3.27967
1.80215
1.72411
3.23227
3.70808
2.06826
5.42332
2.08607
3.80438
3.76909
2.24762
3.76216
2.0609
2.06451
2.08573
3.94561
2.0741
2.08122
3.75502
3.69681
2.10305
1.73775
3.32445
3.40704
6.32012
3.42804
1.84429
1.78375
4.78749
3.33183
1.74665
4.60142
4.81644
3.42021
5.40956
4.62514
3.35306
5.25943
3.17945
4.68868
3.40087
3.34157
1.77031
1.74696
1.79885
5.03932
3.90361
3.85541
5.24158
2.09257
2.9127
3.78368
3.2963
5.20908
3.78118
2.12209
2.0845
2.12675
3.31506
3.90682
2.87571
2.08737
1.73549
1.73322
3.20132
4.68328
1.756
5.00289
5.03749
3.21943
5.08517
3.46755
3.38475
4.73467
1.73792
4.09019
3.54568
3.43383
3.11445
5.13366
3.47899
1.89158
5.16109
3.37219
3.4465
1.71953
4.96423
3.52117
1.7412
3.33206
1.73827
3.40865
3.47292
1.84283
3.36768
3.27112
4.69073
5.06768
5.58628
4.20609
3.4592
3.15328
1.84618
1.73546
1.75876
3.62097
3.15041
4.17869
3.47827
1.75131
1.77023
3.38827
4.72151
1.74775
4.35422
3.50038
5.07486
1.74809
1.73385
4.17657
4.42751
1.74235
1.72715
1.783
3.39639
3.96097
1.73446
4.55278
3.36723
3.03057
1.77793
4.82236
3.45643
4.06661
3.44726
4.50685
3.97069
2.07153
3.73364
3.76711
3.36558
2.05733
5.34885
3.68894
2.06649
3.75093
5.23722
4.50571
2.12914
3.69683
5.5412
2.0578
3.27132
3.91937
5.39648
5.19657
5.33263
3.79428
3.8473
3.57989
3.58628
3.63358
3.43407
6.38114
1.76064
3.3733
4.99762
1.73696
3.39859
1.73769
4.28393
1.74198
1.7499
2.87303
3.48168
1.76724
1.74963
1.73055
1.72941
1.75677
1.72187
1.73269
3.70304
1.72934
3.45372
3.26071
3.3611
4.39586
4.55299
2.85476
3.15147
3.50883
5.78821
5.31522
3.52684
2.01337
3.34057
3.36341
3.30864
4.80834
2.97164
5.62916
1.79803
4.7496
5.2299
1.75732
5.02038
1.73529
3.63039
1.73903
3.42309
3.29136
4.84809
1.7547
3.22124
4.39986
1.7658
3.15633
2.71
4.24846
1.72215
1.88379
4.43595
1.76217
1.74864
1.7682
1.95432
3.22412
2.93711
1.73435
3.15466
3.18928
4.33873
3.6338
3.44876
3.45754
1.76785
1.72101
3.9758
2.11554
2.13397
5.0854
4.66975
3.57193
3.68798
2.10658
3.38439
5.39739
3.76105
6.72033
3.59611
4.74656
6.9253
4.54614
5.66267
4.31122
4.9892
3.15182
3.48374
1.77819
1.73851
3.41457
1.76329
3.36316
1.71848
1.78899
4.37042
3.14897
3.45482
2.05267
3.79051
4.82879
4.12818
2.07515
2.10901
4.90778
2.10732
3.25759
3.43478
4.33404
2.08714
3.65375
2.06187
5.01653
3.45838
4.34307
3.75294
1.74383
3.3267
3.58366
1.74743
3.85473
1.76176
1.7282
2.07852
2.06191
2.08238
2.1335
2.40393
4.53708
2.08184
3.8235
3.89344
3.65848
5.73654
3.72818
3.95663
3.20162
2.1054
2.07111
3.66162
2.08699
3.93756
4.71719
5.29859
5.15848
3.85044
5.28146
4.99212
6.04377
5.32902
3.59293
2.06479
3.95729
3.69899
5.73651
5.18647
3.14179
3.45223
4.28328
4.73465
3.17464
2.90852
1.89073
3.59287
1.72401
1.74391
3.62396
2.93703
3.35979
4.40086
3.29944
4.74669
4.65805
2.30814
3.45131
3.43398
1.73847
1.74898
3.27612
1.74027
4.32327
1.73159
4.1588
1.73715
4.30795
3.18654
4.08476
1.76362
3.41109
3.49143
1.74097
3.37411
5.28635
4.12513
2.33158
1.72984
3.40095
3.52673
1.76046
3.22395
3.4165
4.95548
1.7279
3.80984
3.42945
2.07839
4.85466
3.52943
2.9909
3.41244
5.21008
2.07608
2.07509
3.59093
3.70981
3.74993
2.0907
2.70083
4.46682
1.75526
4.66974
4.84948
4.85809
3.55086
4.92442
3.37911
3.34499
5.37598
3.86881
2.11754
3.67373
3.41274
3.80391
2.10932
4.49458
4.25518
3.76656
3.51556
3.64828
3.63131
3.77312
3.57937
2.08765
2.08996
3.47093
2.09049
2.07967
5.18322
3.46195
3.76592
2.30838
3.57612
3.79205
2.07388
3.57668
3.74871
5.15562
2.1271
3.78625
5.6569
3.46917
2.02393
1.79718
1.75878
4.87571
5.04394
3.33767
4.23105
3.51249
3.39234
1.78353
1.74908
3.40811
3.22995
1.75537
1.74818
1.7429
3.12109
1.72288
2.5128
3.38566
3.32193
3.46273
3.31352
3.33017
3.09579
3.55989
3.25929
2.07575
4.79895
4.71123
4.44145
3.57256
2.09459
4.77081
4.60182
5.39012
3.6839
3.70704
3.74716
6.82926
3.38837
3.1071
1.76529
3.55565
6.59124
2.08581
2.07751
5.05937
2.07318
5.24262
3.58817
3.86689
4.80681
2.08047
2.08124
3.71206
3.95608
3.37396
2.07957
3.28089
3.41319
2.84634
3.38858
3.33052
4.13969
3.45687
3.87318
1.77834
1.73478
5.08624
3.25772
4.7068
5.23323
3.41855
3.62685
2.06444
3.85864
2.29018
2.0719
4.5379
3.77234
4.06627
3.61268
3.03842
2.10433
2.07887
4.65156
2.07731
5.08748
1.72891
1.74929
4.27585
3.20073
1.76871
3.33255
3.33551
3.31644
3.42416
1.93943
1.72058
4.7679
6.23399
1.75976
3.46117
4.28062
3.24086
2.60956
4.72711
3.29469
5.07644
1.77347
4.51116
3.40601
3.45888
3.75365
2.08112
3.24164
2.06632
2.07393
3.94844
3.77078
3.51785
2.07041
3.60214
3.77562
3.69042
3.68578
3.70137
2.09381
3.51947
1.74816
1.74341
1.74528
3.73205
3.26324
4.95375
4.35336
4.39761
6.18818
4.74506
4.38162
4.91584
3.32788
3.1677
2.96511
3.63547
2.63905
3.8905
1.73564
1.74609
3.33416
1.80355
3.34153
1.75861
3.36893
3.61038
3.68779
5.31549
4.21423
3.00065
2.0708
2.08828
5.30191
2.28211
3.71946
3.71184
5.51699
3.74498
5.59527
4.90102
3.58801
3.72516
3.55037
2.07285
2.06359
