3.83832
4.70022
4.60966
4.85933
4.6367
3.67644
5.1448
6.65471
2.13446
5.78871
3.59033
4.80549
3.72483
3.76648
4.71226
3.53996
3.8185
4.98123
5.15869
2.21133
4.80037
5.44657
3.62439
2.05697
2.06613
3.79188
2.05284
2.06341
1.7326
1.73397
1.71849
2.05402
4.90948
3.31792
1.72513
1.77719
5.4302
4.5824
3.12659
3.20355
3.32845
4.73093
5.64899
5.24968
2.06164
2.07688
2.14866
2.0708
5.28085
5.13099
3.92669
3.70995
4.7504
2.25643
3.82366
3.72536
2.06016
3.27616
3.08265
2.05727
5.13948
3.57698
2.07781
5.20444
4.55492
3.67476
2.03835
5.34965
4.57242
4.56547
4.62751
4.67385
1.75272
3.3591
5.03609
3.35044
1.75904
3.55197
1.75226
3.12321
4.97496
1.84254
1.74279
1.7554
3.24122
3.27472
1.7077
3.28472
4.03129
3.01425
1.75319
3.34903
3.7445
1.73864
4.17782
3.31724
4.75183
3.31231
1.77222
3.1774
3.55332
3.78768
2.05116
3.57813
3.60249
2.06083
5.34891
2.0751
3.24843
3.72338
3.75593
4.52635
2.07804
3.69067
4.54237
5.03952
1.72956
4.93334
2.88485
1.72996
4.73939
2.05892
2.06846
3.67629
3.54955
2.05579
2.09211
3.70239
3.59183
2.0407
2.05
5.4846
3.56954
3.64163
3.7944
2.06501
2.15897
4.46427
5.05294
4.65328
3.24604
4.68524
4.95461
4.92375
1.76797
3.65641
4.46373
3.35749
2.83852
1.80239
3.11182
2.06699
2.04007
2.06191
3.82064
4.89972
3.535
4.66139
2.04742
2.26542
2.09921
5.06823
2.07964
3.63688
5.24713
5.10917
3.93676
4.53765
1.82746
5.24087
5.09799
3.43768
3.32632
3.30015
5.64371
3.61191
4.34125
1.73076
3.22515
1.73117
1.72426
5.43213
4.36613
2.96436
1.75912
1.80234
3.32972
1.7602
3.43512
1.74374
1.74381
3.39401
3.98782
3.5072
2.06321
4.57981
3.37333
3.28657
1.71566
1.74056
3.20918
1.7395
1.92982
1.74287
3.35701
1.73733
4.04521
3.39208
1.73775
3.61228
3.55645
2.04518
3.9603
5.22064
2.06216
2.26117
3.74416
2.06884
2.07834
3.434
2.06385
3.61472
2.06921
2.05728
4.03655
4.37909
2.08892
5.64084
2.06464
2.34561
4.74727
4.87372
2.04627
3.59651
3.14979
1.71349
4.96795
3.38087
2.08087
5.35761
1.72336
4.99557
1.71457
1.73149
1.71162
1.94246
4.50716
3.85284
4.23457
1.74157
1.74359
1.71771
1.73633
1.73537
4.93799
4.90658
4.89551
1.75966
1.7454
4.72036
1.7498
2.96585
4.78046
3.90605
4.39358
3.22314
3.34309
5.2163
3.41637
3.36682
3.43514
3.23201
5.06604
3.39838
3.64615
4.33107
3.35232
1.72463
2.97878
5.17985
3.40031
3.48613
1.8227
3.32567
3.43531
4.85156
3.62727
3.45884
3.52617
3.40902
1.72156
3.37952
4.26849
5.45895
3.49615
3.19668
1.7469
4.68295
3.43614
3.35381
3.38688
1.74511
1.74886
4.2655
2.98641
1.72269
5.19158
3.49536
3.68813
2.90655
3.985
3.36664
3.25233
2.13547
2.05907
3.76031
2.06702
3.57267
5.73615
2.08933
2.09324
6.7713
2.11137
2.07852
2.58898
3.84618
3.38643
3.18309
1.73615
3.37187
2.76986
4.97843
3.62051
3.37357
3.9579
4.75824
3.26636
4.26289
1.75849
3.75001
2.89987
1.78333
4.78996
5.01095
4.81979
4.3803
1.77012
1.78223
1.72686
1.7344
2.71176
1.7272
3.34308
3.47287
1.9616
1.7331
3.41042
3.63569
1.73574
3.82895
2.06807
4.80243
2.06443
3.78041
2.0707
3.78896
2.06508
3.16666
4.72849
4.23521
4.70435
3.74129
3.52626
3.73202
3.66348
4.84931
3.51822
3.19137
3.50755
1.79596
3.33997
1.73903
1.71683
4.75562
5.2385
1.74183
3.27597
3.01675
3.41239
2.86873
5.02042
1.77692
3.4496
1.72019
4.16515
3.37506
4.26716
4.6367
3.33206
3.31524
1.72778
3.15231
4.58397
3.34175
3.41051
1.74813
2.30836
3.43168
3.23409
4.69214
3.31037
3.10127
1.73437
4.69997
1.81905
3.47757
4.69845
1.71478
4.43095
3.38686
5.23066
3.63457
1.73496
3.42326
2.89254
4.39728
1.72473
3.38873
4.33418
4.50033
3.11238
1.72178
3.47535
1.7309
1.72614
1.75144
3.26864
3.39
5.04673
3.74207
5.03233
5.04982
3.38741
1.72487
1.7094
4.83777
3.44665
1.73866
2.94602
4.3469
3.15732
3.43313
3.73546
2.06329
3.1195
2.0723
3.70784
4.64319
2.10399
3.52858
3.0882
5.56059
3.52392
3.63034
5.14956
4.98441
2.08318
2.0528
3.72861
5.59004
5.38205
3.60097
6.04002
3.56771
3.83542
4.11469
5.44289
4.86747
3.45666
3.50963
3.62566
3.75724
5.30356
4.82399
3.67725
6.12513
3.34609
4.94506
2.90154
5.27143
4.50776
4.94695
3.25353
1.8438
3.1305
3.20583
3.02744
3.39127
3.42055
1.9123
3.23327
4.93111
2.81118
3.45002
3.33325
1.71213
1.73166
3.21431
3.65455
2.08957
5.11576
4.72381
3.79896
2.06214
3.98888
2.07122
3.7041
3.80451
6.56075
3.67891
2.07581
5.16433
5.26891
5.18108
4.39803
4.67149
4.87545
4.15505
4.96558
1.77931
3.24948
3.80317
3.73815
1.76102
3.64275
3.4769
3.01406
3.32553
4.30582
1.7682
1.71445
1.73395
1.73182
4.27741
1.73811
2.92002
3.35568
1.92984
1.75656
1.74648
2.06162
3.57527
3.75349
2.06169
3.52632
3.7498
2.08945
2.07537
3.59623
5.40006
5.42421
2.06529
2.05623
3.09787
3.67578
3.2224
4.54795
1.79886
1.72572
3.41988
3.45049
2.02999
3.33922
1.70812
3.76196
5.34758
3.23653
4.71848
1.71501
1.75533
4.95372
4.76802
1.8386
1.71791
4.39648
4.83007
3.34023
3.37319
3.33885
1.73623
3.61928
3.60203
2.04974
3.65813
3.65173
5.44296
3.7304
3.63009
5.07738
3.42619
2.09111
3.61916
2.06875
4.33113
2.01967
3.62552
2.05665
3.75362
3.75469
3.7743
3.27676
3.40475
1.71044
4.61695
4.27067
4.44141
2.95337
3.34757
3.37139
3.11485
3.02318
1.8138
5.42993
3.71086
3.55166
2.15405
2.09315
3.78034
3.50286
4.5734
3.71655
3.58995
2.08573
3.62805
2.27861
2.04769
2.10939
3.28653
2.05459
3.62535
5.27227
4.37555
2.04811
5.81237
3.39182
2.15666
5.24243
3.39603
4.66721
5.04598
4.98197
1.76705
3.36796
3.39916
1.72929
1.82387
1.75676
5.04067
3.38821
5.09732
4.99853
3.2546
3.23793
1.7363
3.67406
5.39929
3.4537
3.46595
3.25461
3.2452
3.37265
3.30047
3.38768
3.86002
3.38917
1.72636
3.47514
4.89932
1.73824
4.75568
5.76466
1.77117
1.73162
1.75062
3.35268
3.52989
6.0508
3.30484
2.04932
3.74981
2.08197
2.06314
3.73793
6.5369
3.92307
2.05261
3.6117
3.97065
2.08051
2.09742
2.04222
2.0382
3.76589
3.79212
3.44165
3.43605
3.36145
1.73921
3.92255
3.9731
3.35824
3.41914
3.37902
3.31993
1.73864
1.74717
3.67431
1.73075
3.47895
3.3336
3.31281
2.5976
3.13077
4.96462
1.81417
4.08971
3.30057
4.87584
4.72684
3.35091
3.34057
1.74963
3.03419
3.47932
4.91123
1.75359
1.72721
3.31301
3.34956
2.0758
3.64333
2.03809
2.05673
5.24414
3.79006
2.11111
3.70658
5.29769
3.64804
2.09029
4.84013
2.07167
4.58319
2.18266
1.74534
3.25444
1.82498
3.33953
1.76264
1.72415
3.42183
3.26002
1.73504
4.88921
4.25554
5.23592
4.23459
1.74987
4.91121
1.73536
3.36135
1.72126
1.72272
3.37613
3.20359
3.30306
3.36891
1.70324
3.40279
2.31605
1.73392
1.73794
4.9217
1.75653
1.7276
3.63632
4.03593
1.73396
1.77549
3.35989
5.06053
3.19498
4.19224
4.34159
4.90094
5.13592
1.7258
4.15714
3.34689
3.42221
1.72175
2.63195
3.44225
3.33866
4.40563
4.82785
3.51992
1.97157
4.28128
1.76473
1.7643
4.92215
3.14553
1.73613
2.64397
2.57967
3.26906
1.73722
3.24615
3.4119
4.12593
4.32434
3.33082
3.14637
3.01864
3.88498
3.0002
1.73477
1.73924
3.91947
2.07633
3.65313
3.58992
2.97953
2.95369
3.4078
2.13841
3.65581
2.06895
2.93107
3.67218
3.70481
3.62161
3.71484
3.5431
3.84986
3.5123
3.73832
5.08613
3.64534
2.12304
2.04424
5.16222
3.70379
3.77088
2.09347
2.07484
1.71298
1.71229
3.65715
3.46839
3.35073
1.72649
4.99055
1.74788
3.20268
3.50302
6.00401
2.07449
4.99929
2.05112
2.09795
3.34945
2.07824
4.01486
2.0568
5.33162
3.80184
2.08202
3.00451
3.82929
3.08149
2.13048
2.07896
4.6237
4.16837
4.31196
4.81716
1.741
3.4417
1.7425
3.32894
4.82167
4.4359
3.6689
3.14757
1.72215
2.85876
3.10469
1.75297
1.77597
3.13049
1.73339
1.74842
4.15863
1.73079
3.02554
1.74446
3.43478
3.32046
2.06204
2.06598
3.72428
4.78794
4.86648
5.38067
5.28703
5.10485
2.07092
2.06388
2.07277
3.36597
2.06811
3.53431
5.03406
2.07268
3.74247
3.67334
4.19229
2.05545
2.11015
5.35746
5.30836
2.09864
4.34867
4.61315
4.31917
3.86141
3.67949
3.58893
2.08042
2.85581
3.43149
4.94918
3.46783
1.74169
3.22517
4.85793
3.35965
3.36337
3.24949
1.84897
3.56334
3.13457
3.35045
3.33169
4.93529
3.32526
3.43645
1.93506
3.34752
4.96296
3.28389
3.51242
3.31734
3.50014
1.72917
1.75588
3.11934
2.90764
3.39081
1.77798
1.72398
3.57315
1.71828
1.72912
2.85377
4.30774
1.73252
5.08916
4.53525
4.07958
4.92636
4.74887
3.91262
3.73313
3.27024
2.93923
2.76376
2.04373
6.77238
3.60206
2.06821
3.64763
3.91161
4.5794
3.56317
2.09526
5.13254
2.90093
2.06262
2.05621
2.04424
2.90985
3.7482
2.05738
2.08343
3.86165
4.55013
3.28697
3.59358
2.05589
1.73772
2.89573
3.24894
3.29241
3.53746
1.7262
3.15236
4.38591
1.7309
3.33318
1.73608
3.60637
5.198
3.38435
3.27171
4.73212
3.23053
3.40323
3.35221
1.73855
3.19794
1.74087
3.34956
1.73144
5.35902
4.15848
1.78308
3.21854
1.73427
3.4079
3.29407
1.7272
3.39056
4.55847
4.95936
3.39944
1.73124
3.52594
1.73524
3.37383
3.22422
3.88392
4.97166
2.37906
1.78278
3.39998
3.41912
4.69838
1.73272
3.40546
3.35208
1.72999
1.75402
3.40824
3.47833
3.4305
3.17252
5.07938
4.9107
4.43385
3.3671
1.71801
5.07473
1.72194
3.43684
1.76776
2.53552
1.75366
3.05083
3.42885
1.73287
5.95012
4.70141
3.34449
4.62434
3.48194
3.38256
2.53134
3.4287
2.84199
4.4718
1.73617
3.45532
1.73049
3.20821
2.59826
5.49225
3.29387
3.64146
3.39049
3.40815
5.03135
5.27895
3.0686
4.07243
4.50885
4.29396
3.71671
3.78851
4.25032
4.12236
3.66595
4.83929
2.07875
4.7668
2.07683
2.1066
2.06036
2.04296
3.36712
3.4311
1.73131
1.71879
3.62866
4.85111
5.12261
3.57668
4.34203
5.64101
4.57598
3.57522
2.09563
3.67298
3.97476
3.83058
3.56507
2.05609
2.08041
2.06576
5.85821
3.65169
3.66463
3.67195
2.08708
5.15272
3.88341
2.07052
2.07289
1.71076
3.22616
1.91847
4.72315
1.73079
4.06799
1.73558
4.18076
1.72375
3.60478
3.67509
2.3549
5.14313
5.70254
6.19836
6.09775
4.62728
2.06533
2.08985
2.06076
3.77106
3.761
3.70148
5.65392
5.09113
4.82216
3.32279
1.72421
3.48076
1.699
1.72244
1.78764
3.3551
1.70925
1.74459
3.38448
1.74221
1.74028
1.79348
4.13384
4.22162
2.63564
1.75887
3.48239
5.07416
3.58805
1.74433
4.93246
3.44578
1.7412
3.39306
1.73943
1.73777
1.72144
1.89506
2.85019
4.40819
5.05068
2.60216
1.7373
3.19833
1.79705
3.27128
4.41702
4.26547
4.31036
3.33699
5.22024
3.33339
3.60062
5.46733
3.33214
4.3681
1.73511
1.74914
3.31296
3.47411
1.73508
3.31824
3.37364
1.70316
2.32221
3.45483
4.27729
1.73404
3.75829
3.81004
4.29726
4.37139
2.92767
1.73256
4.29343
5.01765
3.38979
3.40011
1.73657
3.32375
1.73709
1.71897
3.24531
3.35813
3.32721
4.361
1.7526
1.75221
1.73552
3.21442
1.7032
2.88291
2.35122
3.61671
3.15741
3.38257
2.90638
3.13754
3.19787
1.81624
3.26024
2.72873
3.21925
1.72988
1.75467
3.12556
3.23868
3.62717
4.95464
4.94112
4.93248
5.35815
4.59127
1.75001
3.27478
6.10276
4.2375
3.43268
6.1696
3.32558
3.4607
2.6061
3.28072
3.30413
3.22339
1.73779
1.73272
1.72501
3.43091
5.23522
1.74071
2.07079
4.31213
4.80372
1.74687
1.72648
4.79298
5.14103
3.32122
5.46836
3.77462
3.61464
4.97757
2.98785
3.19906
3.60067
1.76587
3.65585
3.49901
1.71108
4.79053
1.70477
1.74306
1.74875
5.0962
1.7378
3.63578
3.57631
3.44002
1.73798
3.56972
3.89232
2.70783
2.06639
3.02368
3.7808
3.42539
2.06017
2.07271
3.78497
2.06039
2.05732
5.08211
2.08711
2.10186
2.06908
5.1819
3.83786
4.12479
3.37821
1.78606
1.7204
3.63867
3.49417
4.78837
1.71015
4.2124
1.72037
3.40319
1.74267
4.7717
1.74492
3.28847
1.72498
3.21616
3.16665
5.30619
2.05964
3.60202
2.06922
2.09369
4.71433
3.71755
2.07016
3.81533
3.94628
4.57478
3.68824
3.36962
2.15158
4.02425
2.10233
2.08915
2.1743
3.75007
2.04446
4.59466
2.0926
2.06589
3.76977
2.07759
2.07472
3.6806
3.77865
5.8988
2.07708
5.59979
2.04942
5.25194
2.09702
2.0995
4.58972
4.1754
2.99094
3.46472
2.07022
2.04721
2.15059
3.9223
3.79663
5.14204
5.03525
3.83913
3.54136
5.00227
3.73984
3.60261
3.54153
3.68536
3.56909
3.94085
2.06764
2.10768
2.08947
4.80374
4.5558
2.85661
2.6373
4.62123
4.22498
1.73011
3.36741
1.71307
2.73533
2.53994
3.63498
3.34642
2.763
3.13283
1.71553
3.69569
1.76769
3.71784
1.7339
3.41149
1.7296
1.72015
3.39776
3.34291
3.6756
3.02077
2.89092
3.71092
2.07295
2.0537
