4.51609
4.29329
4.27272
5.14642
5.95605
3.63342
3.6926
6.29984
4.45566
2.08602
2.1093
3.62782
2.03513
2.06365
3.60655
2.04192
2.07439
2.87341
3.71648
2.1162
4.00172
2.083
4.72072
4.04181
4.49182
3.20259
2.07174
3.79881
3.28605
1.72602
4.26831
3.41879
4.77444
4.30501
2.75472
3.26815
1.8448
1.7179
1.72372
3.40817
3.27997
2.93712
1.72433
3.30625
3.29375
3.33365
3.35426
3.49927
1.75358
2.90245
2.9062
1.72176
1.73444
1.72898
3.21132
5.05327
5.06218
4.70917
3.22237
3.80799
1.7557
3.39281
3.37787
3.5756
3.34377
3.3331
1.78673
1.74005
1.72974
3.24782
1.72678
3.25316
3.40133
1.77051
2.05525
3.88438
1.73373
3.97254
3.46848
1.71225
4.13659
3.13334
4.37194
1.72917
1.72103
3.38644
1.72605
3.45521
3.41221
1.71125
2.86566
3.05229
1.73696
1.732
1.73573
4.92716
3.62681
1.71821
3.43233
5.09554
1.7313
3.59482
1.72765
5.35467
1.73523
1.72006
1.73878
1.75033
4.74521
2.62885
1.71388
3.51749
2.90794
3.23014
1.74636
3.29803
1.81026
4.23963
4.9852
3.51132
3.28431
4.74578
3.36244
4.84845
4.75345
3.23666
1.70496
3.46835
3.50889
1.73957
1.75553
1.71659
1.71603
2.8561
1.80008
3.27845
4.05249
3.44768
4.05476
1.71856
3.05568
3.04322
4.40334
1.73648
1.73912
3.22644
3.4849
3.35166
3.30711
1.74423
1.82275
1.73462
1.72044
1.7343
3.39237
2.02568
1.71587
3.36299
4.38683
3.38384
3.40592
1.73429
4.59378
3.66153
1.95456
5.01226
1.71721
3.21801
3.10033
1.71644
1.71062
1.73583
3.4436
3.4252
5.11578
1.71684
1.7242
3.92707
3.33574
1.71886
5.14293
3.25656
1.71426
4.1342
3.60657
2.05426
3.48199
2.05392
3.49814
3.01622
5.14819
3.53088
4.7882
5.2161
4.91121
3.66217
3.62246
3.74296
3.70554
4.77011
5.38425
4.80687
6.5378
2.08697
3.77576
3.3908
2.07897
3.61829
3.59458
3.98444
2.05885
4.78946
3.23028
3.72126
3.55606
4.77191
5.09012
4.60434
2.05755
4.78141
2.39844
3.21934
2.07585
4.52658
3.77568
3.44332
3.09479
3.31022
3.2533
3.35213
3.24379
3.2252
3.30111
4.30907
4.79062
3.21615
1.74024
1.80128
5.17348
1.76308
3.72138
4.87102
2.04978
3.9705
2.0652
3.5983
4.85692
4.90111
5.806
3.61358
4.93501
4.13771
3.01917
3.66951
2.96194
3.60019
2.09789
3.65291
4.49979
2.06089
2.2345
2.05746
2.04459
3.85074
3.42923
3.3338
4.2264
3.24937
5.47416
3.91671
2.07533
2.17598
3.76531
2.07264
2.0788
5.33554
5.18411
6.2551
4.24276
5.13643
2.12493
3.49058
2.08431
4.19439
3.60325
2.07638
2.11769
4.90578
2.11679
2.05783
3.81635
2.04802
4.69786
2.07333
2.07022
2.06368
3.62031
2.05295
3.74954
4.50904
5.68071
2.07243
2.08397
3.54721
5.59945
3.65516
4.76374
4.15585
5.4684
2.03595
3.62983
3.70064
3.12649
1.72059
1.74744
3.54219
1.70711
3.44306
1.72573
4.51849
2.0465
3.45472
2.04748
3.9867
3.23344
2.12594
3.44143
4.61892
2.06527
2.06188
5.84889
3.7488
5.11703
6.2072
3.82113
3.73698
3.24792
6.24617
3.67237
4.32039
2.08589
2.0783
2.07656
3.78114
3.57483
2.07581
2.84928
3.67229
3.34488
3.58438
2.08902
3.59908
2.1521
3.74757
6.31566
2.38533
2.06668
3.64564
3.92504
3.70724
3.69868
3.43432
3.69978
4.65033
3.98558
4.637
2.07861
3.09692
3.57216
2.05324
2.08146
3.35769
3.68242
4.49379
2.11927
2.07168
3.4344
3.66828
5.27438
3.70407
3.67417
5.19893
3.335
4.58783
3.40274
1.74409
1.72441
3.33781
1.75296
3.693
4.58546
5.00631
3.65406
3.77459
2.11611
3.36471
4.74006
3.59525
3.82448
6.5806
3.8478
2.07167
3.56399
4.72596
3.68498
3.3465
1.72336
2.9113
3.60485
3.31407
1.76573
3.37886
5.24308
3.65671
3.72791
4.57326
4.00455
3.79389
3.43029
3.70032
3.3315
2.05828
2.04753
3.82345
2.08129
3.72176
4.90756
5.23601
3.55646
2.12971
2.04186
4.69213
3.44725
2.13151
2.07719
3.43016
2.03798
6.69042
4.6676
3.70007
2.06436
2.11719
5.11922
2.04256
4.18722
3.63933
2.03626
3.79257
2.06367
3.44162
2.11433
2.08701
2.07294
3.74959
2.04138
4.6318
3.79969
4.37008
4.87938
3.96733
3.62373
5.13492
2.05025
5.19409
5.40897
3.61905
2.05786
3.64396
3.67661
4.08299
2.08212
2.07313
4.5201
5.30408
3.69168
3.79852
3.67185
3.65727
3.70346
3.14654
3.80131
4.74595
3.3308
2.09146
5.2928
3.91594
4.72481
4.21937
3.82115
3.70423
2.06278
3.7196
2.07379
4.58987
2.75776
3.43409
2.10033
2.04518
3.55766
2.10444
3.65134
2.04886
2.05892
3.58324
2.06574
2.08351
3.73753
3.71088
4.66527
3.61269
3.6709
3.33576
3.66915
4.60771
5.32272
4.75278
2.06195
2.07216
5.97013
5.17514
3.74609
2.10737
3.68344
6.62526
5.88377
2.89111
1.72403
3.13217
1.74627
4.43989
3.83377
2.0744
4.38222
2.04814
3.56666
3.74715
2.07752
4.55288
3.75785
5.27569
2.0664
3.24869
2.04554
3.26043
3.63802
4.47343
1.73375
1.73978
5.19435
1.73848
1.72998
3.2963
3.76986
3.5615
3.65287
3.66579
5.47993
3.75942
4.16592
5.4116
3.63921
2.10312
5.04101
2.06636
3.82018
2.11556
2.05923
4.59249
5.7812
5.15459
3.15487
1.79896
3.59157
1.78744
3.4318
3.88447
3.72057
3.25206
2.07197
4.65116
3.62626
2.08564
3.73873
2.13134
4.89916
3.61734
3.72477
3.71926
2.06663
3.87468
2.04952
3.68717
3.12855
1.73576
1.70584
4.39893
2.35082
1.7748
2.07667
3.13393
4.50208
2.06344
2.0634
5.25715
2.13483
2.05402
2.07145
5.12546
3.66866
3.5791
2.1145
3.2751
4.89502
3.7784
2.23796
3.74787
3.89322
3.19524
2.07731
2.06994
2.05586
3.59086
4.67972
4.92886
2.05372
5.40581
4.35786
2.09171
2.05522
3.46409
3.69772
3.56882
2.07515
2.09086
3.30062
3.67552
4.46749
3.7672
3.91611
6.46732
3.52352
2.08024
3.47656
5.42734
5.35207
2.1243
2.05946
2.21625
2.04046
3.4034
2.1641
4.63276
3.51674
3.48595
3.72381
2.1378
3.71978
4.80846
3.80431
3.60239
3.87337
2.06688
3.69567
3.50549
3.56593
3.14736
4.21176
4.48781
3.80289
4.53358
2.30957
2.08346
2.1095
3.66971
3.55981
2.0694
3.44294
3.44357
4.89973
3.68503
5.37213
3.67863
4.74521
5.08123
3.14875
3.03516
1.73399
1.74279
3.3422
3.20193
2.10127
3.43892
4.89346
3.86709
3.23785
2.09966
3.66703
4.78199
3.65595
4.13264
2.07961
2.06249
3.74759
2.07436
3.70399
2.05026
2.68866
1.74967
2.94684
3.76662
2.04447
3.50116
3.74046
2.08361
3.7364
2.07666
3.42792
3.44285
4.54558
5.27526
3.57594
2.13532
4.14038
3.55477
3.84423
3.3168
4.61199
3.478
1.76401
4.30454
3.74245
1.75514
1.72866
3.30033
3.25999
3.71121
1.78126
3.03407
1.72227
3.34552
3.38709
5.23318
2.72587
3.36303
1.71099
2.08094
3.28476
2.07292
3.66967
2.07258
3.7198
5.28104
3.48601
3.83126
2.0922
3.69599
3.64822
3.49782
3.51468
2.9633
2.05685
4.78781
5.02835
1.93725
1.75011
4.37289
4.76652
4.38546
3.41714
2.68195
2.05476
4.59486
2.05896
2.0637
3.55337
3.73025
3.91486
3.70868
2.36211
2.06288
3.67407
5.11527
5.33813
3.73771
2.08683
5.16528
2.05423
3.916
5.38374
4.80405
3.67004
3.5983
3.39249
2.06062
2.09045
2.94825
4.58608
5.32312
3.43174
2.06528
2.16433
3.33301
5.44381
2.06824
3.32542
3.25543
3.21784
3.32834
6.46911
3.25484
2.87231
3.46019
3.35946
3.27784
3.38624
3.17476
3.9568
3.41544
4.14598
4.26877
3.60641
3.22207
1.74875
2.73624
1.73102
1.72931
3.32422
1.70971
3.15581
4.42225
3.67455
4.44165
5.50304
4.47781
3.33163
5.02719
4.51353
3.39357
3.42139
1.72967
1.74438
4.79448
4.238
3.14116
3.41387
3.51793
3.36068
4.31025
3.17588
3.34025
1.77554
1.74583
3.63688
1.71524
3.33323
5.17791
5.03549
3.13162
4.27055
3.43495
2.96752
3.36293
1.73807
1.76321
3.41102
1.70916
3.49969
1.73905
3.38369
1.82231
3.2408
3.38965
3.42772
1.72188
3.17136
3.13329
3.6979
1.74549
1.78773
3.34195
4.90549
1.71639
4.24006
4.57416
3.31615
4.24412
3.32608
5.0994
4.90951
3.29347
3.34936
3.3535
3.49386
2.05608
3.22207
2.08905
3.66734
3.65594
2.05704
2.09014
3.5461
4.59178
3.57779
3.27211
3.6149
3.28716
2.08131
3.77105
2.08455
4.92994
3.19071
1.72298
4.72599
1.73166
1.93505
1.69227
1.71673
3.61474
3.21189
4.86079
2.90195
3.49527
4.20159
3.36207
3.58146
1.71517
1.77963
3.30043
4.60449
2.9871
1.73495
3.30249
1.75563
1.72873
4.97109
1.71887
3.55995
1.74133
3.31096
1.74356
1.80957
3.1751
3.65973
3.35087
4.69811
3.33655
3.29841
5.20953
4.79803
4.25285
5.75697
4.85254
4.59648
5.22468
3.68809
1.72832
1.71568
3.05249
4.23995
3.20027
3.19652
1.72283
1.72117
3.85558
3.34264
3.30842
4.76921
4.87736
3.37368
1.71834
3.06706
4.20581
1.73776
1.76828
1.73771
4.50219
3.4433
5.20057
3.73117
1.73239
1.7394
1.96695
4.32259
3.44796
3.42623
1.73313
3.27497
3.27466
3.31993
4.26773
1.79405
3.51304
3.06614
3.19444
1.73684
3.2003
3.30415
3.35041
5.45413
4.75313
4.81437
3.35871
1.72128
2.8496
3.97313
5.05802
5.08285
3.20061
3.22711
1.74568
1.7223
3.2593
4.66434
3.30448
4.27152
1.72738
3.76315
2.06825
5.52433
3.68291
4.84958
2.11712
2.08458
3.46982
3.64753
2.05545
4.13102
2.1064
2.08735
2.0704
3.78122
2.09142
3.55956
3.78467
2.08433
2.07358
5.03045
5.79238
2.10407
3.65984
3.79057
4.75857
5.37899
2.36647
2.07718
4.61851
3.9183
3.68213
5.21951
3.80672
3.59108
2.10022
3.82552
3.93975
2.97868
3.40876
3.63049
3.47787
3.68685
3.62314
4.35244
3.71531
2.07768
6.87415
5.54151
2.06352
3.54754
3.57909
2.59978
3.76112
4.35753
4.39547
2.07284
2.06049
2.05458
3.78344
3.28612
3.59322
3.41722
3.40494
3.38525
4.49977
4.30842
3.59578
3.44433
1.77344
2.27421
3.63387
2.0714
5.27952
4.59393
4.0463
2.90295
2.07898
2.07065
3.65831
2.92075
3.71617
6.42806
3.54376
5.64345
6.86709
5.44858
4.80731
5.0802
4.55643
5.10881
3.68222
4.54026
2.09545
4.04698
4.61126
3.73412
3.86028
3.20161
2.07023
2.06182
2.08141
2.63377
4.35665
3.65661
3.38426
3.76435
3.65478
4.71733
3.60802
2.04887
6.41383
2.1372
2.4291
2.04762
3.83349
2.29531
3.9517
5.33565
3.23619
3.65721
4.32912
3.35085
2.0637
2.07141
3.79149
2.38036
3.26491
3.47084
5.1014
3.08197
2.07069
2.05266
3.2097
4.75532
4.73231
6.03153
2.85737
3.07022
4.76333
2.0979
3.27905
5.28758
3.65742
2.05497
5.26019
4.5629
4.16567
3.83063
2.0794
3.74831
4.81869
5.10901
3.91387
3.88912
2.07814
3.7369
4.60066
5.34054
4.19137
3.69119
2.09956
6.54306
5.50488
2.64145
2.06312
2.08145
3.43134
3.77926
3.76508
2.06416
2.06259
2.07423
3.21042
3.68403
3.75629
4.61803
2.13148
4.69228
3.7789
2.07873
3.80872
2.92175
2.06957
3.79573
2.04487
3.70486
2.06154
5.04493
3.63106
3.72658
3.65674
2.42324
2.0687
3.75196
5.11422
4.69061
4.20183
2.07204
4.02346
3.83175
3.72725
2.08054
3.65472
4.34814
3.67396
3.53521
5.33676
2.10962
3.81359
4.95035
4.4298
2.05327
3.70241
5.19296
3.50456
2.02675
3.70375
2.08939
4.83144
2.11224
3.76491
2.33243
3.85891
3.24607
3.52885
5.06041
5.47483
3.49233
3.78111
5.25268
4.74538
3.61246
3.44214
3.69705
3.70139
3.27733
2.06856
3.94724
3.73249
3.49496
3.93292
3.71108
2.09038
2.28673
4.8997
2.06095
2.06471
2.80248
2.05477
3.76439
3.67346
2.08874
3.76964
4.27845
3.75838
4.85268
3.85384
5.11987
3.70748
3.95308
2.05864
5.30981
3.73485
2.07843
4.02349
2.06764
3.68188
3.48889
3.17007
5.76203
3.53077
5.24868
2.11559
2.08623
3.75707
3.79512
3.98492
3.49819
2.06748
3.70674
2.03351
2.31978
4.94697
2.07375
2.07426
3.65547
3.78773
3.55335
2.06088
3.6247
2.11095
3.75875
5.99384
5.27141
5.68669
2.07357
3.65444
3.71556
6.28544
5.19654
3.72041
5.38519
3.77424
3.71155
5.19573
2.06824
2.03434
6.29916
3.89879
3.4929
2.06575
3.68499
3.73645
3.69937
2.07112
4.0876
2.07623
3.80217
3.24395
3.60917
3.4152
3.46
3.77188
5.28285
3.81602
3.38521
4.80945
5.91911
3.7301
3.27212
2.07229
5.36823
3.69459
5.49017
4.6518
3.67644
3.68052
2.10441
2.04435
3.73411
2.07411
3.46119
4.55737
4.56024
1.74529
4.81822
3.62264
3.33321
1.77477
3.35585
1.73779
2.23836
2.05934
2.35957
2.06795
3.69207
2.09687
4.97898
6.44971
3.42684
3.58629
3.68088
2.09601
3.77645
2.97865
6.50047
2.06918
2.05112
3.73272
3.46611
2.08419
3.91991
6.18809
5.41711
2.11045
5.16326
4.34798
3.46068
4.55686
4.92722
3.69821
2.12593
2.07435
3.77003
2.09703
2.06051
2.05545
3.70396
3.76718
3.67489
3.64859
2.06516
2.05749
1.74367
4.44725
3.80604
3.28031
4.52789
5.32155
5.161
6.1589
5.86506
6.01306
5.15815
4.29016
3.75754
2.10117
2.07067
3.61754
2.08577
2.0885
2.07695
3.80475
5.18563
2.07347
3.80846
5.15501
2.05506
5.15772
1.73592
6.08828
4.21989
3.62171
2.06482
3.78977
3.92773
2.05552
5.3773
3.77325
3.71838
5.08047
3.55903
4.71542
3.55368
5.21068
3.22381
2.09042
2.01615
