3.62204
3.49144
4.04546
4.55247
3.16864
4.54538
5.06165
5.10356
5.45443
5.21673
4.99572
4.60274
4.64255
3.85563
3.41891
5.12152
6.85717
4.21381
2.0845
2.1466
2.06634
2.10412
5.48471
3.89227
3.71388
5.22839
6.79031
5.25796
5.1656
4.51196
5.69012
4.68575
5.48745
3.68701
4.01792
3.7799
4.02778
4.73328
3.96026
5.91946
4.52346
5.78637
4.79158
5.2808
5.39191
5.48348
5.63952
4.67559
5.95018
5.33194
4.97688
4.8023
3.5783
3.19716
4.76816
4.73465
5.15424
3.36081
1.78988
5.95464
5.00961
5.09807
4.48796
3.86157
5.41764
3.69085
3.29761
4.6625
3.69823
3.91615
5.22234
5.33375
6.73551
5.46932
5.15027
5.38231
6.68281
4.70464
1.76018
3.66414
3.28607
4.73779
3.40784
4.32366
3.49538
4.36078
4.1417
5.16314
5.84183
6.59458
4.62082
6.56142
3.19426
3.46509
4.3269
4.68919
1.78629
3.32647
2.54378
5.85828
3.47768
5.30526
5.36653
4.34712
4.90707
5.03366
6.13289
5.32743
5.44814
4.85373
5.82073
4.62189
4.77619
4.99892
4.87506
5.11218
5.09671
5.42999
3.81145
3.39418
4.28316
2.85074
3.92999
3.79681
3.79267
5.17645
4.79263
2.18592
3.24712
4.2785
3.58788
4.95557
3.71005
2.09508
4.23365
5.23476
5.32567
4.98086
4.83989
5.03041
4.43008
3.40454
1.76163
3.30348
5.10866
3.49963
4.36238
5.20282
2.12902
5.2248
4.95016
5.11609
3.59782
3.42235
3.51585
3.44964
6.53113
5.12188
3.94602
2.96137
3.76821
4.92695
3.45209
4.0639
5.11525
4.40261
4.67697
5.31651
4.37944
3.44293
1.76156
3.58991
3.56262
4.52886
3.3355
4.50963
5.20463
3.2959
3.80164
2.08904
4.70813
3.6653
5.77857
6.23811
3.78365
5.59335
4.81322
3.5844
3.99674
3.76267
2.94501
2.28762
4.6299
4.43974
4.24695
4.90376
5.50702
4.58914
6.29764
4.71522
4.72367
1.84295
4.4674
5.91647
5.90233
4.48294
5.1996
4.74451
5.36924
4.91714
5.0206
5.87813
4.69576
4.7204
4.1505
3.11561
2.11724
3.36451
2.10874
6.34379
4.52215
5.34401
4.5325
5.06649
4.24008
3.38928
3.66679
6.07608
4.87137
5.4907
5.40548
1.83421
3.51418
5.43803
5.54108
3.60297
3.44461
3.24255
1.75989
3.27705
3.49519
4.73439
4.66636
4.14289
3.43105
3.28395
2.95898
3.25468
5.21628
5.07298
2.34804
3.36947
3.38128
3.43962
4.43137
4.78296
4.08543
3.00688
3.75615
2.99678
3.63381
3.22104
2.08718
2.66075
4.63384
4.74581
4.69457
5.18631
5.40829
4.78333
2.14449
5.85012
4.10228
5.04539
1.77494
4.49316
5.52356
4.72727
4.21237
5.15983
4.02731
4.73286
3.40474
5.30914
5.09116
4.61798
4.81915
5.0099
5.86783
4.75196
5.34736
4.96332
5.39072
4.44557
6.21164
6.77142
5.43523
5.31628
4.5674
4.78413
1.78451
4.99582
4.86058
5.47734
4.59661
3.44015
3.25589
3.79087
5.45006
3.31691
4.69351
4.23964
4.22924
3.69415
5.84735
4.58733
5.89633
6.41437
4.41505
4.53787
4.01293
5.07287
4.07298
5.63523
4.81875
5.45651
5.24303
2.16583
2.14953
4.52785
3.69353
3.01072
3.79523
2.16422
3.32988
3.84817
3.75463
3.08452
5.61094
5.08219
5.75762
3.39053
3.28465
3.6085
4.80383
3.30285
2.95318
3.19792
5.02646
3.41209
4.53816
4.32162
4.51293
6.18199
4.5449
3.81723
5.36086
4.75283
3.75738
3.70361
3.65804
6.25298
5.56301
3.62141
5.1686
3.36922
5.71253
4.09586
3.09885
6.78923
5.19416
3.28394
5.22419
4.65309
4.67699
3.87585
5.30215
5.90926
6.21224
4.86075
2.16308
5.22796
5.32418
4.19717
4.07973
3.8393
4.16812
3.34356
4.00644
5.67059
5.37061
4.39249
4.39532
6.12269
5.37975
5.28798
5.09721
4.73648
4.31124
5.31649
3.47746
6.17291
4.77034
3.4007
5.13068
3.41454
3.48846
4.73826
4.09744
5.71108
5.35124
5.6881
4.06616
5.04114
5.20856
5.39176
5.43695
5.2995
4.67828
5.35853
5.44282
6.50952
4.76204
3.86177
3.84085
5.0205
3.81295
5.01601
5.28358
5.26776
3.46623
3.43945
5.61381
4.11726
5.08394
4.96908
5.06678
4.23067
4.69988
3.28669
4.71938
3.41394
4.52715
3.08154
5.39317
3.05144
3.48376
3.528
4.00553
5.04752
5.03711
3.41448
4.96728
5.62411
5.63905
4.57252
5.08148
3.53809
1.79952
1.96236
6.37417
5.10535
3.34656
5.33191
4.17938
5.06945
4.89858
4.18222
4.5636
4.22648
4.30857
4.00083
3.53517
3.41145
4.18085
3.17504
5.33586
3.91868
3.29255
1.7768
6.09131
4.60866
5.04827
5.21022
4.68933
3.11254
6.21632
3.38553
4.8979
4.37109
4.7183
4.84376
3.36924
4.29646
4.5516
4.20462
4.93885
4.79643
5.10616
4.78262
3.55638
4.72105
3.24568
4.98448
5.1203
3.08763
4.5703
4.7545
3.66216
4.94363
6.32183
5.04825
4.55124
4.74159
4.75348
6.70886
3.7309
4.60539
4.41573
3.82844
3.84938
4.96149
4.98597
2.11415
6.45867
5.39652
5.28459
3.96008
4.59297
3.39688
5.51526
4.55933
3.66708
4.75677
4.95686
3.84886
6.09343
3.75211
4.6154
5.40261
3.7002
3.71725
4.18593
3.55629
2.11915
3.43522
4.92318
5.31533
2.10477
4.90125
3.56048
4.93345
4.88329
6.36419
4.48464
5.38225
5.47924
1.88109
3.34467
5.44179
5.13745
4.35199
3.34879
5.3474
5.00447
6.54813
5.20614
5.56374
4.72335
5.96587
4.48619
5.32962
5.30561
5.19594
4.60926
4.61398
6.82537
5.38446
3.75939
5.86238
6.26524
4.09864
1.81871
3.37804
5.39276
1.79411
3.2728
3.29183
3.04978
2.75807
4.51081
4.87389
5.14428
4.96743
4.97819
4.94265
4.54944
5.012
3.35436
5.34273
3.42003
5.83897
4.8858
3.34977
3.4109
1.78974
4.6597
5.95391
4.36985
3.58223
1.98719
3.16631
4.49976
2.97442
4.23976
3.4974
5.25906
4.83626
5.43311
5.91599
6.34115
4.27048
4.92264
5.96863
6.35284
6.21622
4.96678
4.86184
5.22404
2.18044
2.13965
4.33195
5.25414
2.13166
3.98067
4.98926
4.93775
3.81708
5.69434
4.91175
6.56582
2.12189
2.10099
5.00883
2.12449
5.26811
5.44307
2.17975
5.42067
3.72309
4.00929
3.38883
3.7771
6.59121
6.00418
5.52897
4.56464
6.04629
5.41439
5.87777
4.61798
3.40575
5.31347
3.68658
5.14443
3.81367
4.7773
5.10109
5.0891
5.10766
6.63765
5.52996
3.72828
5.72178
6.21972
3.63156
5.2203
5.24897
3.73895
5.7627
6.96232
4.96687
3.94136
4.42286
3.73866
3.55395
5.3481
4.73838
3.35459
3.21791
4.79389
6.41393
5.05723
3.42881
4.65354
2.15782
4.54254
2.10462
6.68211
3.87365
4.08543
5.45961
6.66397
5.39864
4.52087
5.33095
5.27777
5.49874
5.16332
5.25483
5.41129
6.55885
2.1208
2.13283
2.11193
4.75124
2.11217
5.75825
4.94183
3.59044
4.7475
6.63045
3.6194
5.28271
6.34591
5.52261
2.11434
5.10742
5.29646
5.8911
3.63137
4.02156
6.13287
4.97253
3.76477
4.39877
5.58552
4.49353
6.11982
4.30939
5.4792
5.34601
4.443
3.06897
6.38814
4.72881
4.47124
5.68169
3.69686
4.45377
2.15508
3.88815
4.7222
3.59975
3.8769
5.49267
3.68352
4.72742
3.87571
1.78596
1.79221
3.68407
2.96844
3.25332
1.81033
3.3613
6.33829
5.98701
3.8375
2.11296
4.95992
5.68921
6.78593
5.34017
5.45565
5.79176
4.89503
5.32318
5.23865
6.15911
5.48249
5.41326
3.29427
5.85213
3.52663
6.16253
4.66231
5.79805
5.26769
5.6217
5.92469
5.43063
4.93886
5.37511
4.79073
3.54496
5.83292
2.1377
4.09717
5.39735
4.70866
4.90008
3.85777
4.85108
4.46894
3.29952
3.68229
4.98146
3.68309
1.81884
1.79919
2.82229
2.13864
3.75726
5.30184
3.75026
5.31583
4.27246
5.59891
4.04214
3.66655
3.90194
2.1171
3.6363
4.76484
5.0506
6.20875
2.12077
4.94216
3.67815
3.91494
3.7058
3.81331
4.55331
3.59362
4.74189
5.62796
5.09185
5.05401
3.82735
5.27428
5.32546
3.76517
2.33039
5.01702
2.14061
3.81848
3.80086
5.64895
3.92912
5.31721
4.22707
6.08692
5.61017
5.70204
4.74993
3.16282
3.13026
5.12349
4.25528
6.91551
3.16001
3.87804
3.84264
5.07862
4.05319
5.14854
3.00039
3.30598
4.67259
2.12946
3.76288
3.58419
5.28122
4.33259
3.67719
4.23998
4.77367
5.20802
3.70709
3.3235
2.11275
4.57537
3.59655
2.14442
2.1264
5.63232
3.79152
4.96888
3.83308
4.9248
5.57778
5.66914
5.07809
4.31248
5.04363
5.86096
2.12187
5.24666
1.8061
4.66068
1.77696
1.80287
4.45504
1.78937
3.19176
2.12233
3.84709
2.16972
3.36144
4.81335
4.92445
5.10459
4.69219
5.31008
4.46595
4.82286
5.21845
5.32412
5.09457
3.89369
4.0675
2.96438
4.95696
4.69034
5.14021
6.13505
5.69685
3.41944
5.8393
5.67626
5.27733
6.21566
3.94273
5.25811
3.81884
6.60726
3.74522
4.57042
4.90404
3.4465
5.14803
4.95457
6.53206
3.63489
3.75973
4.70356
3.74748
4.43617
5.57092
4.68411
4.8089
3.28398
3.4981
3.71466
4.64768
3.55839
4.07928
5.35993
5.25618
3.92052
4.28146
5.27856
6.48882
3.92713
3.77188
5.79967
6.38383
6.69737
4.64933
4.68249
5.9492
5.66858
6.30529
5.15289
6.42745
5.48466
3.64376
7.08236
6.93211
4.19255
5.64758
2.1505
4.94929
3.60862
6.21162
5.26539
3.59743
5.68561
4.62641
3.34272
6.53908
2.62962
1.79984
4.54888
2.2118
4.53896
3.73984
3.79471
4.78397
3.91338
2.80286
3.87929
3.7937
3.80074
3.40694
5.49204
3.57874
3.74556
3.43698
4.83248
4.62138
3.86258
5.26816
2.17547
4.65941
5.05955
3.73524
3.62426
3.72364
4.62863
3.67766
2.30454
3.57638
2.10752
3.80264
2.12433
3.55328
2.16285
4.71787
4.17955
5.71894
4.98793
6.54551
6.0116
6.13194
6.65005
6.22503
3.73382
3.76164
5.31532
4.87173
5.49255
4.97524
4.82943
5.30313
5.55972
4.53971
5.20551
4.75108
3.48918
3.80642
5.15384
4.64906
3.90257
5.47396
4.90764
5.77675
5.3447
4.70476
5.67761
5.45332
6.17278
6.09193
6.32099
5.21329
5.44527
5.83338
3.41139
4.4779
3.77232
5.33318
5.05179
3.26629
3.24546
4.85348
3.83701
2.64985
4.76086
3.39745
5.00317
4.11895
4.21375
5.31272
4.82019
3.79593
4.8061
4.3966
3.51272
3.44105
4.45776
4.34091
3.95271
3.47589
4.80928
4.82929
5.82347
6.11024
3.27192
3.34611
4.88335
4.24537
4.89309
5.16424
3.45724
5.15546
4.89148
3.54036
3.72933
4.91723
1.81011
3.0369
3.71339
4.30704
5.11113
3.99243
4.67729
4.82197
4.19885
4.47657
3.8096
5.13486
3.78954
5.04764
5.43344
5.07168
4.55766
6.20212
5.01873
5.00859
5.35347
4.25446
5.31063
5.17647
3.26632
1.80188
6.30877
5.77459
4.97684
4.32766
5.26267
3.52377
4.20117
3.27657
4.98438
5.08383
3.32369
6.67954
3.55909
3.51424
3.33368
4.30374
2.47327
3.65047
3.23636
5.37681
3.41555
3.38332
4.20311
4.88815
4.31027
5.31483
3.43238
5.26946
6.32154
5.3704
4.97921
4.94353
4.89603
3.45966
4.66752
3.06233
3.44954
3.86222
5.1437
4.59021
6.05728
3.70765
3.45314
3.45222
3.41717
5.46985
4.53052
2.01552
5.25971
3.34296
4.43994
5.07769
6.46252
4.90327
4.79143
4.90164
5.09909
3.75255
3.60089
6.34637
6.45497
4.84935
3.89403
5.96945
4.85039
4.68732
4.84562
4.68392
4.69686
4.99393
4.32054
5.12769
5.65308
1.81883
1.78825
3.10794
1.81985
5.10611
1.77393
3.68448
5.27558
3.558
3.20568
3.51133
4.92175
3.30973
4.94472
4.22466
4.76263
4.45151
5.36518
3.62134
5.34282
4.94666
6.46827
3.3091
3.91727
3.44501
4.34818
1.8157
5.22934
5.01686
3.72914
5.34644
2.20888
4.92244
3.72956
4.71406
3.66242
3.61569
6.52982
5.64287
5.40786
3.77396
5.02363
3.98251
5.29526
3.0742
4.04364
4.19522
5.10695
5.04413
2.84814
3.39152
3.4425
4.52948
5.09124
3.27487
3.80687
4.14823
3.67341
5.14465
3.39772
6.21623
5.17785
3.66584
5.45497
4.72647
5.33168
2.13728
3.82284
3.73595
3.48807
3.62065
5.73967
3.79797
5.50756
3.82702
3.83098
3.46524
4.67868
3.8196
3.79
3.32523
3.89603
6.18121
4.33253
5.26133
3.6493
6.44283
3.23796
4.60097
2.99138
2.13014
5.54349
3.63618
3.43752
4.28486
4.79532
3.2557
4.51604
5.14513
5.88401
4.77426
6.05218
4.66394
6.21925
6.62488
4.96973
6.14148
3.45506
6.18959
3.51349
4.75695
5.87487
3.17172
4.28851
3.66848
1.80816
4.8048
4.66008
6.22267
3.87526
4.97563
4.69129
4.2073
3.32515
3.64449
4.47017
5.4728
3.61719
5.48914
1.79867
5.04012
5.2147
4.18762
1.82043
4.17096
3.3062
4.17657
2.17626
1.77819
3.27247
5.31508
4.13776
3.56244
3.43531
4.31844
4.36542
4.81978
4.94254
1.79348
4.77587
3.41744
3.53471
4.43242
5.75385
5.60531
5.8201
3.47868
4.99891
3.98989
4.80435
5.43042
6.35722
4.49952
6.27667
5.8823
5.29895
6.32735
6.0903
5.86056
5.21597
3.59132
3.1634
3.52787
3.47916
3.60072
3.26377
3.68759
3.43968
5.02968
4.55809
4.52382
5.0171
5.37103
6.35812
3.62895
4.95006
4.79083
6.27327
4.36178
5.14733
1.80092
5.10206
5.12227
4.44412
5.2494
3.84711
6.32252
4.91005
3.27543
4.74988
4.65402
5.04077
6.28388
4.74371
5.39977
6.3119
4.78761
3.25858
5.37537
4.45078
4.16654
4.10972
5.01373
4.91098
3.51143
4.64328
3.81093
4.47819
3.078
3.50666
3.42727
5.11779
4.33198
3.30776
5.60444
3.55827
5.218
5.50159
4.59364
5.45288
3.73653
6.12845
4.78236
3.11272
5.22475
5.5295
4.51918
5.50133
4.99387
3.80567
3.7706
3.44745
3.41528
3.40027
