3.6877
4.17248
4.24686
3.99477
3.53223
4.84936
4.2597
6.07105
4.88763
2.90376
1.76467
1.74845
5.20123
3.7174
4.56998
2.13958
2.64855
6.07731
6.79049
6.50396
4.57932
2.12197
2.11321
6.35877
5.22656
3.71234
5.49279
6.20925
3.77769
3.75781
5.78052
6.73754
2.11133
2.35859
4.1962
3.41128
2.14487
5.19263
4.67133
5.15485
2.10509
5.13028
5.37126
3.96578
1.83774
4.78558
3.36741
2.11925
3.27094
5.0522
4.75799
1.78413
1.79289
1.76593
3.34797
1.77397
3.28788
3.51353
3.29778
3.46258
4.27964
3.3265
4.88468
5.45532
4.96598
3.40927
4.85724
3.97358
5.34016
4.64814
2.10961
2.10114
5.3239
5.28486
6.73939
6.17701
5.65624
5.88833
5.17823
5.14839
3.682
4.48543
4.14438
3.42488
3.4897
4.36231
6.38173
3.50272
3.48611
3.47909
3.31895
3.42687
3.42717
3.62167
3.33506
3.26096
3.91588
5.4597
5.40288
5.52822
4.20058
5.42039
4.40644
3.65206
3.0827
3.10566
1.8026
4.748
3.47233
4.23708
3.5829
3.19534
2.60739
1.7967
3.57692
4.40122
6.23232
5.32054
4.3966
3.77604
4.55581
5.39408
3.78482
6.66214
3.74861
3.80756
4.78501
5.76888
5.71886
6.46256
4.93867
5.11679
5.08175
5.05174
5.27102
6.13874
1.79118
3.40438
3.00092
4.21106
4.64901
4.37609
5.77
4.52182
4.02782
4.77472
3.3535
3.25467
4.35965
3.94612
1.78762
4.30449
5.80885
5.24054
6.18295
5.36849
4.5348
5.05721
4.2732
3.71893
3.42828
4.54863
5.89682
3.85402
1.78597
3.90513
1.81086
4.14061
5.6368
4.5468
4.34005
5.82582
4.98034
4.28989
1.79684
1.77609
1.80875
1.77261
4.42807
3.51197
3.29294
3.2236
6.36842
3.46849
4.91324
4.21889
4.87681
4.46794
1.76914
3.36552
4.9606
1.91072
1.77921
4.37077
1.97111
3.2811
4.70842
5.57842
3.61699
3.48697
4.25187
4.85311
5.28564
4.82553
4.73333
4.49245
4.18552
5.61039
5.58331
3.38983
3.39613
3.47016
3.42502
5.82707
3.47353
6.35824
5.09945
5.04711
4.91104
3.45057
5.93066
4.81693
2.36943
5.15709
1.77603
3.46486
6.23902
5.51498
4.52776
5.66016
5.99149
3.10518
4.96532
3.31901
3.39031
4.8413
5.19544
2.00235
3.32836
5.17167
4.31015
3.10311
6.76582
3.73623
4.98615
5.31481
5.12932
5.41028
4.24265
4.73309
4.60379
5.13342
2.12403
5.25366
4.87355
3.79937
3.60198
3.35507
4.80788
5.90926
3.30711
5.25623
3.53063
3.82446
3.41763
5.18649
5.72344
5.73788
5.08204
3.50706
4.56489
3.87684
3.77617
3.83731
3.81715
3.8144
3.71499
5.3406
3.71132
3.66393
5.42599
5.18682
5.93861
4.46587
4.84398
5.53875
4.91492
6.44165
4.93238
5.53097
4.32414
4.27848
2.92053
5.59463
5.07336
5.15959
6.04866
1.79791
4.12022
5.09985
3.10564
1.88913
4.39395
3.43511
3.10165
3.51943
2.55767
3.32895
4.05538
5.35708
6.25588
5.15057
4.21855
5.30619
4.31059
4.67811
3.48891
4.83616
1.7841
5.16097
3.55812
3.71733
5.16836
4.34809
4.55044
5.14251
6.28365
5.02404
2.11346
3.29971
4.78101
4.97764
5.35128
2.12116
4.50486
2.96428
5.01573
5.57761
6.23332
4.70292
5.35983
3.40337
4.69809
5.69692
5.97985
6.42202
5.40269
5.10089
3.76485
2.12384
3.54092
5.25044
2.09724
3.84092
4.16602
5.5026
3.85048
4.01448
3.73033
2.1286
2.12252
5.07
2.11948
3.77586
5.47216
3.97893
2.15538
3.54402
5.36244
3.546
4.56225
4.84732
3.86538
3.12121
3.26844
3.60972
3.80305
5.45157
5.30184
3.39779
3.58281
2.12241
1.78604
1.78279
4.60838
5.24497
4.90693
4.74133
5.04626
5.37212
4.95633
5.20631
3.65059
2.12962
3.75168
2.91744
3.75811
5.14465
5.42195
4.81779
4.74075
3.85935
4.56168
3.7724
5.3557
4.52078
3.8752
2.14454
3.67276
3.58528
3.68863
5.69078
4.95035
4.71619
5.26846
5.37277
3.75189
4.41755
3.8137
5.23672
5.32986
4.76079
6.20941
5.38117
3.78121
4.83565
3.75937
5.19766
3.64361
3.82649
3.6309
5.36027
5.77563
3.81622
4.69116
5.17134
5.39196
5.4129
5.20528
3.55727
4.34159
5.12375
3.56145
5.42563
5.42367
3.29833
5.03911
4.7424
4.93562
6.5552
4.42185
5.1182
4.85121
3.92389
4.02602
3.77483
4.26624
5.20659
4.42484
5.78371
5.33717
5.52432
5.0336
5.45962
3.76804
3.71524
4.11943
3.83091
3.81001
3.78675
2.71391
4.41787
3.78281
5.08342
2.23787
5.28107
4.89298
4.72715
2.90129
3.61116
3.50012
4.72796
4.54892
2.09954
3.21482
5.15555
3.78835
4.59601
5.33073
3.79933
4.25329
5.93541
6.84137
5.12664
6.23485
6.14108
5.04373
5.29722
5.30266
4.8252
4.62674
5.833
5.86401
4.76002
4.85703
5.09276
5.77887
5.72852
5.44567
4.73782
6.91848
6.52454
3.68823
6.19873
3.8202
5.35521
4.94708
2.12116
5.41429
3.41823
4.60315
3.77381
3.92969
3.9139
2.10748
3.67084
3.78892
5.7341
5.15959
5.39278
3.72247
4.47334
5.39479
5.77102
6.42541
4.63952
5.48955
4.46625
5.77609
3.79288
6.14494
4.68561
5.22703
4.7496
5.43518
4.94303
3.52788
1.77943
4.39843
3.03559
1.77445
3.94585
2.14005
5.40447
5.05438
5.39271
3.70828
5.00798
4.61799
4.99334
6.74344
3.91581
3.39068
3.90878
4.85719
5.16067
5.06608
5.62675
4.82473
4.3851
6.36709
5.48005
5.77183
5.14915
6.19285
4.36607
6.64756
5.6802
5.04034
5.34431
4.30562
6.26739
3.43131
5.66261
3.78617
4.8887
5.20657
3.72984
2.81843
2.11654
4.56301
3.94852
4.71625
5.98609
1.75333
4.79961
3.04449
3.5293
3.25166
3.84519
5.36979
5.30026
3.82527
5.2831
4.5461
6.63457
5.27162
5.89213
5.85896
5.01765
5.32804
5.38084
4.6068
5.67636
3.79856
3.7333
3.54657
3.05526
3.96437
1.77755
3.21437
3.50336
3.30007
4.76418
5.1938
5.19327
6.12017
4.60985
3.65606
4.58233
5.37264
4.85079
6.11782
5.65762
4.37995
3.76069
5.21739
3.77575
5.6205
5.05289
4.24466
5.4948
5.22841
3.41914
3.50636
4.37652
4.71743
4.56734
3.70929
3.86035
5.17927
6.37891
5.95478
3.66397
3.60373
3.07228
5.18437
5.14496
4.97442
4.58872
3.45271
6.67028
5.06785
6.11669
6.46841
5.38754
5.37724
6.84607
3.56365
5.4902
5.22617
5.24274
5.38517
5.57827
5.38745
6.24884
4.64903
5.4913
3.8802
3.91324
3.33493
6.15638
4.23702
4.79828
3.5243
3.90687
4.16001
4.21773
5.34235
2.1914
3.51768
3.47434
5.38226
5.83073
6.72708
6.0213
3.77652
3.42793
3.74788
3.22352
5.92732
5.03028
6.5383
5.37468
4.82938
5.83182
6.54041
5.43531
6.31557
6.5765
6.08783
4.62599
4.0656
3.71207
3.56595
2.11028
5.20261
5.6628
5.70482
3.76806
4.78948
3.62145
3.83659
2.1385
5.0125
5.04498
6.10295
4.13843
3.87695
5.41879
6.36563
4.55055
4.88345
5.1362
5.0269
4.40554
5.10141
3.56827
3.71319
3.76494
3.66613
2.15227
4.03045
5.81446
4.70863
2.13345
4.51518
3.69233
5.02518
2.13591
3.95226
5.28328
4.84989
4.95135
5.24447
5.47194
3.76383
4.90816
4.72738
3.79485
3.7023
5.2137
6.87027
5.15086
3.77869
6.56228
4.38781
5.31033
3.7531
4.7888
4.76289
4.23835
4.74751
2.55383
4.39979
3.51
4.14032
1.79552
4.21413
3.49225
4.31944
1.76454
4.2622
1.81298
3.73396
4.86495
4.95895
4.77424
1.79055
5.12834
4.60811
3.53405
4.67577
4.5168
4.09292
1.80159
5.15421
3.44204
4.96464
4.14602
5.69911
4.66117
4.88592
5.40498
5.88804
1.82392
5.42287
5.45044
1.80791
4.54357
5.90724
1.78525
4.72848
3.35067
5.95018
1.97475
6.28936
6.273
1.8272
4.39131
4.36163
4.43621
3.41754
4.82047
3.38042
1.82113
5.07655
6.23065
1.78604
4.76312
4.27625
3.50658
3.59668
3.98561
4.4802
1.77927
5.69395
5.40684
3.71368
3.7822
5.78449
4.43414
4.50049
5.46404
5.45392
6.80141
2.15852
6.03921
3.3667
3.78693
4.41639
6.54806
4.66374
6.4196
5.82969
3.52533
3.42173
5.4021
4.95399
1.78251
5.65011
6.37379
1.80039
6.00205
6.55447
3.40283
5.92337
6.29495
4.24752
3.37322
4.30856
6.47416
1.79963
4.66637
4.53219
5.34732
6.46695
4.44722
4.28958
1.84253
5.10151
4.5822
2.00138
4.98241
5.4024
3.46499
5.37603
5.85893
4.51814
2.53701
4.67115
4.26221
3.49209
5.40781
5.37975
1.80042
5.95183
4.4558
5.20296
1.82677
4.81525
4.73842
1.80943
3.83349
3.75698
4.93765
4.49778
4.46402
5.86841
1.7993
4.64972
5.3358
4.23482
1.83394
4.84321
4.69006
1.83062
5.86931
5.17875
1.80953
1.81356
4.99108
4.87482
1.80521
3.52347
4.7969
3.81853
1.80174
5.81172
4.38806
4.98854
1.79119
5.96226
3.36365
3.34324
4.95671
4.71754
3.55238
1.774
5.77193
5.42262
3.3157
1.8196
5.37511
4.88707
4.06418
3.34933
4.16084
6.08584
1.7749
5.19213
5.68814
2.82815
5.25405
6.28753
3.66935
3.08667
4.841
4.51251
1.78663
3.79753
4.56937
4.95716
2.15337
4.31058
5.22366
4.59714
3.87882
6.56735
5.47943
3.75141
3.72371
4.52766
5.11809
2.135
5.3795
4.61313
3.82758
3.45434
4.88135
3.37139
1.81177
4.89447
4.88059
5.79997
5.8868
5.33588
2.16005
6.54821
5.61274
3.50796
2.12449
6.20368
6.61773
2.14021
5.41485
4.70596
3.7977
2.15776
5.20361
3.88237
2.15611
4.64335
6.36041
5.23048
1.78304
5.33805
5.38455
1.79576
5.37442
5.30022
1.99319
5.8306
5.31203
1.78217
5.13479
3.88748
4.55477
2.12573
6.57401
6.01817
2.13842
4.99924
4.83936
2.14888
5.76088
5.57555
4.33189
2.13906
4.74416
4.99936
2.14262
5.39324
4.60189
3.77155
3.90614
5.0919
3.70719
5.17696
3.95739
4.93799
4.32279
2.13966
6.55485
5.93775
1.81705
6.16083
6.06523
1.79474
3.61279
5.36257
2.47178
1.80188
5.51571
3.42457
2.79093
6.09114
4.31271
1.78647
1.84042
4.37354
6.10661
1.77694
5.28586
5.23267
1.78839
4.68189
5.806
3.58447
5.79578
6.54649
6.62688
2.86473
2.24365
5.04701
5.4949
2.12732
6.37749
5.49399
2.14056
2.12776
5.19266
5.31821
2.1125
5.58086
5.42802
2.12948
2.12176
4.74987
6.46215
1.8003
4.26125
6.33205
1.79345
1.78495
5.30158
4.22044
1.81688
4.63497
5.0066
5.53428
1.95428
3.7259
4.8816
1.78798
5.68605
4.44295
1.80097
3.61946
4.83232
3.37143
1.77884
4.76506
5.37858
1.7916
1.77697
6.08761
4.56487
2.00212
1.78009
5.95987
4.10586
1.78024
3.56768
6.45845
3.37128
1.79189
5.87456
5.43346
1.83566
1.76085
4.33929
4.50604
1.81242
3.5378
5.6359
1.78396
1.78357
5.87312
5.86358
2.01775
1.79965
5.28177
4.49778
1.80468
5.76104
5.90924
4.94904
1.78941
6.25928
5.72991
1.77927
3.19274
5.09233
3.27429
5.21499
5.31921
6.33319
1.78343
1.7855
4.24721
3.27693
1.7981
5.36144
6.11189
1.7926
2.87067
4.37003
3.35772
1.80583
5.47433
6.27978
1.82167
1.77802
5.32083
4.80236
1.79071
3.54489
5.0599
1.79514
1.77159
5.37346
4.66675
1.95518
6.09627
5.89721
4.73276
1.78822
5.38677
1.89253
2.61128
5.18861
5.13488
1.78991
3.16034
4.9281
2.15937
2.11084
5.73623
4.70498
2.10935
3.64681
6.407
3.30277
2.11953
5.25181
5.37674
2.11535
3.77589
6.20318
2.1368
2.14944
5.85619
4.73616
1.80838
3.7792
5.88733
4.05346
3.12991
4.14186
3.34441
1.78288
5.60962
5.80147
1.79279
4.34731
5.242
1.81438
1.82705
5.1493
5.44349
1.78592
1.79736
4.45635
1.83787
1.78361
4.36942
5.64877
1.79497
1.80241
6.43016
5.37047
1.79255
2.45232
4.71738
1.80288
1.80454
5.85472
5.51112
1.77715
6.17503
4.16621
1.80301
1.7998
3.88904
3.3212
5.96621
5.50481
4.97308
1.78032
1.95811
5.74719
2.13421
2.12136
5.77219
5.63206
2.10425
3.40087
6.21857
2.36323
2.11779
5.5973
5.16645
2.11946
6.06022
6.59401
2.13743
2.11607
5.22174
4.94581
1.79434
5.43976
5.93591
1.80895
2.61183
6.27921
1.80085
5.33438
5.34662
4.46268
1.79008
3.48676
5.71781
1.81723
1.76764
5.25735
3.72128
1.80143
2.99152
4.21539
1.80449
1.77469
5.19428
1.80047
1.78574
5.92223
6.32996
1.80455
1.84131
6.30027
3.61237
1.77922
6.13314
4.67188
1.78246
3.33386
5.42924
1.78111
5.95968
5.79427
5.08796
1.82043
3.63132
5.50004
1.82221
5.0325
5.46483
5.63565
1.78026
1.80715
4.90672
4.63765
1.77274
6.4591
5.88636
1.82809
1.76611
5.8999
1.79054
1.79209
5.02409
6.15871
1.78867
1.77621
5.01038
1.84462
1.79677
3.65099
6.33882
1.77653
2.84376
4.6108
4.97698
2.4712
3.43675
6.77011
4.19146
1.79412
4.26465
1.79077
1.79163
5.90182
5.85264
1.78922
4.24408
5.11872
4.87063
1.8357
4.57753
4.65402
1.77509
1.79978
5.92363
4.54213
1.77379
3.21245
4.59573
1.81923
1.81031
5.35516
4.82844
1.7985
2.63927
5.34184
1.78333
1.76668
6.53834
5.89597
1.80036
1.78111
6.16105
3.42108
1.79028
3.43013
6.51743
2.84185
1.79047
5.17423
4.492
1.78792
3.21287
4.75501
1.77215
4.88747
4.91611
6.07343
1.79919
1.85452
5.33091
1.8141
5.35265
4.32553
5.45496
1.92439
1.76071
5.05595
4.17463
1.78482
5.41407
4.30078
6.23181
5.62166
5.64306
5.07555
5.92677
6.14555
4.40594
6.04237
4.79519
5.3806
5.90304
4.45202
5.4171
6.76858
5.4842
5.10342
5.98816
5.71729
5.63104
6.1308
5.82052
5.78379
3.79179
3.85407
3.72007
3.71787
1.79385
