3.57141
3.64228
4.31051
4.38309
3.43138
3.44145
4.97606
4.98028
2.09083
2.22158
3.68259
2.07079
2.06514
2.06789
2.05604
3.56332
3.8092
3.7654
3.47735
2.06948
3.74153
2.18755
3.88206
3.78875
4.86601
1.77428
1.92173
3.32981
4.27985
2.91316
3.47909
4.05637
3.27692
5.49802
6.13367
3.3638
1.73477
1.70968
3.72593
2.93444
4.62293
2.06534
2.07524
3.62426
2.09262
3.78316
3.82078
4.35325
5.03253
2.04761
2.06522
2.08232
2.10412
2.06586
1.73534
5.05225
1.71901
3.57343
5.02598
3.3833
3.4244
3.57622
3.43386
3.26527
4.32699
3.56439
1.74964
3.02472
1.73397
1.73043
2.25731
3.1181
1.72314
2.05103
3.39898
1.71393
1.70734
1.73298
3.42725
4.66464
1.72747
1.72603
1.71141
1.73262
1.7464
3.42767
1.71439
1.89584
1.71687
3.38667
1.70949
1.74528
1.72225
1.71478
4.56502
4.5483
3.25597
1.72642
6.58477
5.10532
5.06204
3.10843
3.82697
3.39213
1.76511
1.7129
3.31112
3.43143
4.11421
1.92239
1.7456
3.3053
3.20764
1.78768
4.84058
1.72192
2.63411
3.33396
3.35291
1.71054
4.364
3.25039
5.08136
4.91436
3.13806
1.73093
3.29756
1.71921
1.71646
1.73458
1.72327
3.83245
3.342
4.19068
3.39443
4.43309
4.95296
3.26433
3.60779
4.43658
2.94361
3.69024
3.32122
2.64737
3.09709
1.70504
1.71824
2.91989
4.33832
1.7337
4.61397
1.73131
1.91155
5.01939
3.36873
1.7271
5.37124
5.96705
4.11096
1.81976
2.8393
3.65736
5.17438
4.2323
1.7233
4.14007
1.71761
1.71401
1.70677
3.28541
4.90827
1.72492
6.42225
5.08448
3.56225
1.7272
3.2148
1.77066
2.72808
1.72181
3.19888
1.76604
3.21716
1.73716
1.75136
1.73526
3.33319
1.71452
4.87911
1.72868
4.83459
5.04998
4.59617
4.90986
1.72301
3.29467
3.58402
5.09627
3.33331
4.93327
4.22334
3.23543
3.44136
2.44584
1.72764
3.33481
4.84329
3.47872
3.46819
3.67982
3.0214
3.28112
2.06789
3.76154
4.98699
5.07342
5.25287
2.08232
4.34243
3.63905
4.56724
2.07344
4.5298
2.05148
3.15711
3.41521
1.70733
1.76961
4.63094
4.5656
4.59084
3.35791
3.58356
3.17271
1.72101
3.36546
3.35565
4.28283
1.73952
3.39362
3.4517
3.31321
4.42773
1.71345
3.35603
1.7246
3.38235
3.42912
3.09217
4.74028
5.03664
4.40528
3.50727
3.32663
3.56348
1.71945
1.71145
3.27231
4.96835
3.51814
1.73539
1.74381
4.92837
3.62825
1.74005
4.95622
5.18792
3.59315
4.53772
2.04801
3.74318
2.06375
2.08768
3.79508
3.6294
3.83948
5.84495
5.25589
5.6999
2.10646
4.72775
5.12918
5.46367
4.53071
2.07557
3.9043
3.74114
2.06425
2.17913
2.06362
2.0673
2.03679
2.05446
3.87569
3.65116
3.74179
2.11733
3.1056
1.72433
3.41123
4.70594
6.16854
2.29577
3.09768
2.05214
3.65503
3.00105
5.13366
3.85995
2.05422
2.08951
3.26
5.53135
2.06044
2.0449
3.49898
3.61281
2.07702
3.76817
2.05826
3.21314
2.05218
3.48459
3.69459
3.55461
4.16972
2.88009
3.3478
3.45851
3.3366
3.34854
1.72989
3.22925
4.25242
3.20569
3.45916
3.44935
3.29459
4.85187
3.34697
2.67823
1.72746
3.5231
4.39781
3.08153
1.73558
4.56487
4.92522
1.74923
1.72589
3.53908
3.75502
3.76381
4.89492
3.44777
3.64276
3.93772
2.06001
3.5507
3.06824
3.77179
3.73802
3.66403
3.55763
5.08775
3.52298
1.75766
3.41603
2.87751
1.73213
2.24151
2.3463
1.7438
3.61211
3.33336
1.77116
1.7301
1.74704
2.89247
4.94615
1.73745
3.38759
3.04184
3.23486
3.32614
2.95184
4.35426
1.79689
1.75163
1.72351
3.52106
4.68635
3.56264
1.72375
3.22823
1.73845
1.75031
3.46045
3.39935
3.43963
1.74724
3.64058
3.55826
2.07506
4.82602
3.69839
3.64386
4.56195
3.68304
3.75571
3.87952
3.46602
2.08018
5.14662
5.05774
5.27027
3.7661
2.14034
3.3356
4.22187
1.72752
4.38221
1.70797
2.96672
1.76385
3.3906
1.73231
4.90484
4.11811
4.83231
1.73184
1.74871
3.21361
1.71968
1.71761
3.62403
1.72657
1.7284
3.55343
3.30744
4.20758
3.8499
2.08155
3.75313
3.55618
2.06548
2.07245
3.47695
2.06497
3.7156
3.69372
3.65572
2.4362
3.63126
2.05464
3.54072
5.07962
3.13656
3.37856
4.99949
1.71363
3.39141
3.46248
3.44543
3.77124
1.72342
2.9127
4.10755
2.68486
4.26769
4.49496
1.72558
4.94729
1.73315
3.47343
3.33366
5.36878
3.3841
1.84153
3.36713
2.60205
5.06444
1.72237
4.65121
3.71166
3.75766
5.07103
3.60251
4.17031
3.81517
2.07921
2.08811
3.76269
3.69518
3.63922
4.94064
3.44272
2.08775
2.0547
2.13017
1.72192
3.38479
2.89988
3.71936
1.72418
3.14791
2.02611
1.71568
1.71119
3.26977
3.38055
4.38243
1.7373
5.13433
2.92948
3.60603
3.65866
2.06084
5.34351
2.08133
4.75528
3.90544
2.34427
4.47655
2.06891
5.54547
2.06773
3.56049
4.65353
3.7443
2.05786
2.06376
3.49196
2.06268
5.3529
5.12612
2.06706
2.08016
5.35534
4.83384
2.06294
2.05114
3.01605
3.96034
2.07306
2.06215
3.78346
3.89171
4.71669
3.54402
2.04033
2.06233
4.33518
1.71355
3.48711
3.49231
4.42925
5.03356
3.09063
3.28398
1.86214
3.36552
3.55105
3.57241
2.76488
1.71533
3.35683
3.44602
4.65395
4.79375
3.35231
4.37501
1.73792
3.3906
1.73582
2.55259
1.71913
1.71697
3.56949
1.74636
5.02394
3.33328
3.18688
2.86689
3.49841
3.58949
3.37991
3.38832
4.57293
1.72836
3.72871
1.73215
4.69955
2.67064
1.70424
1.76723
4.57218
1.70583
3.15574
4.45908
1.72548
4.55893
4.7046
2.0466
3.34776
1.73494
3.26651
1.93124
4.94547
1.73045
5.96996
1.71971
3.40725
3.34967
3.55148
2.60771
3.46938
1.74313
1.75723
1.75159
3.61078
3.64486
3.33664
1.73606
4.62736
4.33484
1.73885
3.46964
1.71881
1.93267
2.76864
1.73542
1.72005
1.71561
2.81626
1.75494
3.12003
4.64642
5.63777
3.40978
3.41424
4.28834
4.27571
3.48823
4.42581
2.84283
1.71101
1.72403
1.71938
1.79807
4.97269
4.13531
1.7214
1.75237
1.7256
2.05075
2.03703
3.49023
3.6808
1.72684
3.27025
2.95018
1.7375
2.56598
1.71709
3.43637
3.35791
4.30383
3.37613
1.75202
3.1164
2.52231
3.56754
1.72027
2.91156
3.10966
3.4775
4.33962
3.60444
4.78873
2.89488
5.35083
3.92034
3.08319
4.23752
3.28541
1.73959
1.72057
3.32198
1.72278
1.71812
4.84272
1.745
3.27025
2.10233
3.57029
3.48044
6.00237
3.2432
3.16901
3.36287
1.71481
1.74922
1.76975
3.36063
2.11229
1.71487
5.08044
2.0772
3.51595
2.09541
2.06795
3.69763
5.47299
3.63672
3.76448
4.17863
4.63766
5.04409
2.03738
5.06992
5.95074
2.10022
3.45334
4.95379
2.75324
2.10283
2.06781
3.60528
2.08315
4.66917
2.10879
2.05105
2.0553
3.48757
3.47624
3.83105
2.07007
2.24936
2.03977
5.08618
3.1663
5.49647
2.05291
2.05447
5.11398
2.07119
2.08846
2.09861
5.41885
3.17126
6.58599
3.34019
2.27417
3.68586
4.62002
4.64941
3.44033
3.797
2.07121
3.72996
3.49762
3.73718
2.12443
5.49961
3.38095
4.38591
5.12595
3.7978
2.08528
3.74528
2.06856
2.07316
2.0727
3.82101
5.50129
2.05328
3.68982
4.63437
2.06244
2.064
3.53452
3.50421
3.62834
3.49359
2.18191
2.99996
3.31632
1.73397
2.67344
5.67261
3.24386
2.10058
3.99127
3.50953
5.09239
3.73416
2.07016
2.08616
3.72498
2.06505
3.70744
2.06122
2.25196
3.9255
3.94046
3.86235
4.79557
5.31342
2.09874
3.73054
3.9104
2.047
2.04611
5.81864
6.55013
3.81705
2.0952
5.06158
3.82244
3.74996
5.14896
3.80179
3.93635
2.0488
2.09151
5.38851
3.70407
5.4418
4.75018
6.97081
5.30894
3.79591
3.30538
4.71953
3.64922
6.14673
4.44073
3.21394
1.74533
2.08749
4.96905
4.045
3.38263
5.2733
2.06119
5.38797
3.82965
3.84881
2.2591
3.46432
3.5158
3.97816
2.1392
3.9219
3.77718
3.82401
2.67424
1.73295
4.96346
3.50863
1.74385
1.70881
3.38234
4.5419
3.64647
2.0362
2.04973
3.64482
3.75115
2.09077
2.08614
2.28179
2.09978
2.04204
3.5947
4.33113
3.61108
3.91206
2.05691
2.05632
2.05809
3.76169
5.69109
5.1847
4.32361
3.04436
5.75665
3.739
5.33146
3.95381
5.10357
3.66942
5.39176
3.27031
4.52498
2.12773
2.0994
5.24619
3.44534
2.03967
3.64119
4.82753
5.06899
3.86174
2.0622
2.06361
2.04681
2.08843
2.05232
2.07115
2.07224
5.33402
2.06987
3.62572
2.05259
3.81684
3.11406
5.24662
5.01169
5.06277
3.70459
5.5243
3.4405
3.7143
4.92323
3.8055
5.5353
3.40809
3.61285
2.92795
3.19325
3.92424
2.06695
3.94344
2.85215
3.70128
6.09608
2.07572
3.81683
2.93129
2.06259
2.07355
5.0692
4.72784
2.05852
5.10309
6.75803
4.34475
5.17267
5.16087
5.30153
5.0319
5.55404
2.07904
3.21476
2.73072
2.06013
5.31294
4.73522
2.10778
2.07269
2.06764
3.71299
5.69346
4.58105
2.10896
2.05814
3.56221
2.09437
3.57612
3.67153
2.09635
3.75551
2.07405
3.75638
3.84531
2.06081
2.03763
2.08178
4.60877
3.72684
5.14952
6.42499
3.95807
2.06461
3.73649
2.08007
2.09053
2.05366
2.1005
3.43551
3.72565
3.78239
3.74576
2.06523
3.47512
4.87001
4.53316
5.0637
1.75812
3.44297
3.12973
3.25316
3.8881
2.07725
5.13791
5.16364
3.80149
2.3557
3.80472
3.29361
2.10941
4.6371
4.61494
3.73392
3.64195
3.69578
2.12341
3.73422
1.73153
1.72881
2.67085
1.72383
1.75664
3.44418
1.72784
3.29335
3.78963
2.06332
2.07709
2.09444
3.75507
2.07933
3.54542
3.74448
3.79953
2.24389
5.17176
2.09855
3.72988
4.77156
4.50005
5.05122
5.18903
3.72641
2.09036
3.65788
5.3919
3.53986
6.69312
3.53414
5.4239
3.45042
3.82447
3.79335
3.66109
2.07167
2.06001
5.31056
3.69756
3.37304
2.26415
5.28452
3.7138
3.75215
3.4005
2.05586
3.44457
2.07375
3.71404
4.65516
3.67685
2.15616
3.67366
2.07067
3.91894
3.45432
3.13713
2.05498
2.05438
3.66476
4.99145
4.40018
3.88429
3.71257
2.04282
4.00278
2.19247
2.06586
3.69573
3.91959
5.57093
3.7877
3.146
2.07488
2.40314
2.10389
3.74085
3.73868
5.43457
5.2635
5.19218
6.24936
5.82602
3.76826
3.96073
5.07575
2.08621
4.73907
2.06994
5.24973
2.09721
3.47813
3.69569
3.78116
5.13756
3.13213
3.64178
3.91947
5.30659
5.10997
3.51827
3.6201
4.59653
3.76368
4.42811
3.78621
4.48581
2.04811
3.66331
2.11028
3.25338
3.60507
3.3507
5.50776
3.79771
3.83574
3.9565
4.24786
3.61721
3.73326
3.47389
3.35587
3.97495
2.0721
3.49074
3.50101
3.62666
2.06279
4.53567
4.20862
4.90197
4.64859
5.28438
3.85117
3.98408
3.37846
2.06802
2.08574
2.09961
2.06882
3.4789
3.48102
4.08067
1.76332
3.5461
1.72515
4.98063
4.46028
4.31642
4.89049
1.74434
3.41529
1.72847
5.28267
3.53322
3.35584
3.07363
3.26375
4.82401
3.61829
1.73109
2.09305
2.0653
2.06386
2.06944
3.79818
3.58012
3.78449
2.0573
3.60668
3.99885
2.07909
4.5443
4.65513
2.07057
2.06946
3.63482
2.06876
3.28839
2.5602
1.79208
1.70555
3.33877
4.25645
1.73703
5.10563
3.32329
3.4107
1.73613
1.74574
2.11807
4.1995
4.8009
4.3778
3.08182
1.76361
3.34585
1.73928
1.7287
2.04002
4.50364
3.33344
1.7296
5.22292
3.13526
5.18101
1.73739
1.73001
3.21807
3.39522
3.74848
2.08946
2.05844
3.71365
6.45399
2.38294
5.17245
2.07045
2.06968
2.05282
3.73501
6.43992
5.32852
3.55384
3.68013
2.84271
3.79048
3.44919
5.4828
2.07119
4.80787
2.39233
2.1172
3.76183
4.64398
3.76627
3.25284
4.69072
2.08855
3.48507
3.81069
2.07906
3.78871
2.05034
1.74142
4.68659
3.16828
1.783
3.37953
3.31777
3.35832
3.858
2.11617
5.23865
5.30941
3.64537
3.81968
3.91705
3.46129
2.11055
3.75952
2.05622
2.05171
5.13308
4.46858
3.57331
3.67021
6.03187
4.32369
2.07358
2.09561
3.65305
2.06831
4.09013
2.07744
2.05356
3.73944
3.94853
3.56324
2.06648
3.39364
2.10703
3.69775
2.08326
2.05156
2.05635
3.75816
4.08975
4.7755
4.14647
5.09423
4.75249
3.6988
4.47968
5.31726
3.74917
3.71413
5.26302
3.74203
3.76455
3.91525
3.55029
4.69972
2.09572
3.34663
1.75133
3.08033
1.71436
3.36308
4.42621
4.7154
4.52362
3.33615
2.30542
3.59017
3.82832
3.96673
2.08386
3.83207
3.31996
3.83898
3.61694
3.868
5.2506
5.19416
3.86866
2.07323
3.80196
3.75868
4.61355
4.76354
6.81948
3.72708
3.6852
3.17265
4.81034
1.74711
1.72111
1.87713
3.23111
1.71717
3.59395
1.72073
1.72538
1.74198
5.58025
3.36048
4.39167
1.76095
1.80842
5.02598
3.33479
1.73944
1.74074
4.22984
3.22374
3.24341
3.73817
2.05386
3.84108
3.83267
4.7361
2.09311
2.07903
3.68954
3.62813
3.67087
2.04011
4.65173
5.40999
3.70312
3.67439
3.6
4.39691
2.42811
4.2224
3.25571
1.76478
1.70851
3.51168
3.30719
1.73077
3.34889
1.81299
3.38081
1.72526
3.74003
1.91566
3.69926
1.79759
3.16069
1.72842
1.72608
1.81311
3.3379
4.72888
4.40575
5.85687
5.02977
2.97188
1.73426
3.32159
3.29746
1.72712
1.74446
4.83105
1.72059
1.74746
2.87506
1.73941
1.70853
4.29747
3.28151
5.18376
1.7388
4.72751
3.41999
4.73029
1.74575
4.90947
2.03044
3.36633
2.97173
1.71632
4.68428
5.0891
1.7786
2.87773
4.40893
3.87186
4.27078
3.24521
1.74611
1.73023
3.0193
