3.80469
3.85355
4.7809
4.49565
4.19107
4.0402
5.23967
5.11576
3.47858
4.30149
3.35474
3.83855
5.43722
2.136
2.11857
5.62615
5.13024
4.72448
6.04939
3.75602
3.87105
2.1307
4.90939
4.8853
1.78122
2.14194
6.38501
6.04242
2.13409
5.43423
5.04994
3.9141
2.31373
6.96959
5.38378
2.12515
5.78991
4.81069
2.12845
5.82057
6.33553
2.1212
6.96826
5.15436
3.76123
2.11627
6.21195
5.24479
2.13997
2.12954
6.04492
4.72844
2.12414
2.35712
6.75111
2.09329
2.12108
4.60152
5.19751
2.09547
2.12758
4.58155
3.66401
2.12596
3.49189
5.13192
1.80179
1.79273
6.32385
4.87663
1.7822
2.10705
5.43625
2.11594
2.14973
5.0722
4.84774
2.18989
2.10065
5.66777
2.12585
6.53945
5.88747
2.13414
2.14493
2.13269
6.26225
2.10971
2.10191
5.18997
5.17554
2.16246
2.10479
5.8919
2.14874
2.15644
2.1036
5.71571
2.12452
2.11645
2.16351
5.20273
2.09958
2.13376
3.19208
4.65736
2.13811
2.09443
5.70714
2.13609
2.12634
3.87158
4.88925
2.12609
2.09895
4.98866
2.11733
2.12459
3.71038
5.12377
2.08854
2.14747
6.75653
2.24743
2.34801
2.75423
5.01313
2.12805
2.10265
6.7206
2.12085
2.12826
2.08556
5.79094
2.12063
2.15673
3.74148
6.7528
1.7792
1.78009
3.53414
5.35446
5.76704
2.12424
4.72594
2.13961
2.30581
2.14193
5.36708
2.13171
4.99842
5.48556
2.13922
2.24667
3.56394
4.5621
2.13858
2.92656
5.2563
2.11475
2.11307
2.09349
6.26591
2.23416
2.63847
4.35798
3.73182
2.28411
2.08828
6.80282
2.12067
2.09094
2.08705
5.69358
2.11442
2.11859
2.80085
2.08449
2.09579
2.11801
6.3881
1.83808
1.77102
1.80698
4.4385
1.79602
2.1442
5.05683
4.47902
2.12536
2.11131
4.73046
2.11893
2.10057
2.15654
5.51526
2.11298
2.10503
3.69627
4.9771
2.09482
1.77096
5.93143
1.78853
1.80002
1.85762
6.37266
1.80336
2.34209
3.71542
4.65604
2.10097
2.11836
6.21466
2.16276
2.11679
2.13075
5.23199
2.11707
2.0961
2.18079
4.51878
2.12474
2.11747
6.27712
4.89748
1.78999
1.79605
4.69933
1.80201
1.77251
3.56608
4.47906
2.11209
2.10321
6.66196
2.10076
2.13527
2.10228
6.27035
2.12667
2.08115
6.35663
2.16079
2.11441
2.14279
5.75834
2.12888
4.87771
5.96405
5.43179
2.10171
2.1251
6.80133
2.10706
2.10949
2.22481
6.61553
2.10456
2.09695
3.28132
6.16798
2.09768
2.12051
3.85737
5.25069
2.1257
2.12124
6.65032
2.08832
2.11204
1.95915
6.0052
1.80181
1.77859
6.33568
3.31883
2.14355
2.12885
5.10019
2.10762
2.1037
2.10596
4.59499
2.11309
2.11875
3.85439
5.22444
2.12707
2.12086
6.6575
2.1303
2.12873
3.96626
4.69517
2.09939
2.12205
6.80936
3.72805
2.13285
2.10448
5.68305
2.11518
2.1309
3.73489
4.64079
2.13817
2.104
5.84631
2.10869
2.1202
2.1139
6.21469
2.32227
2.11463
3.82162
4.58596
2.11424
1.82839
5.64217
2.15189
2.15796
5.71111
6.22521
2.1262
2.10545
6.18295
2.15999
2.12146
3.17234
5.3698
5.36158
2.10422
5.59801
2.29447
2.07794
6.76151
4.6129
1.80195
5.86987
4.70039
1.76844
1.77624
3.31528
6.689
2.11347
2.09019
5.78948
5.14872
2.11142
2.12268
5.70271
2.112
2.1327
4.13292
6.35065
2.28235
2.11079
6.80951
2.12981
2.10943
2.14027
5.7058
2.10538
2.1419
5.67822
5.32858
2.11156
2.12124
6.07881
1.81778
1.79409
1.81031
6.15767
1.77593
1.77763
4.37888
2.09029
1.81312
4.87305
1.76328
1.78934
3.36966
5.41723
1.76766
4.87455
5.80377
1.80061
1.75612
1.77381
4.34287
1.79004
1.7879
5.13035
5.31312
1.76483
1.78142
6.34793
2.27565
2.01534
3.49491
3.34119
1.74793
1.7628
5.20815
1.81641
1.77881
1.83628
5.02019
1.76605
1.77491
5.41219
4.39582
1.79825
1.78463
5.28888
2.04628
1.77341
5.32875
1.78138
1.77291
3.34349
6.33657
1.78563
6.3566
5.15401
1.787
1.76916
3.54659
5.28833
1.76335
1.76318
6.34629
1.80226
1.80983
1.75631
4.38873
1.78047
1.80068
6.41595
1.76925
1.97316
1.76988
5.01504
1.80014
1.77808
3.58817
5.2946
1.77197
1.81303
4.96475
1.78446
1.78985
5.09921
5.29399
1.75972
1.777
6.0046
1.79651
1.78865
3.33673
5.41099
4.65027
1.76529
5.82083
1.77936
1.77035
5.05513
4.40904
1.81932
5.76198
6.30827
2.13098
2.12842
2.14675
5.67911
2.12951
5.71492
6.28261
4.84533
2.13349
2.12905
6.3557
2.17453
6.15685
3.60876
5.36714
1.81799
1.77217
4.70286
1.77053
1.78516
4.63463
4.18033
1.79746
1.76559
4.34991
6.16899
1.77281
1.78042
5.57568
1.77756
1.77498
1.96131
5.4683
2.1104
2.14617
3.22388
5.65053
2.12681
2.10405
6.09344
5.08548
3.1473
2.12721
6.75277
3.78748
2.08511
2.10504
6.70287
2.126
2.12577
4.00435
5.25102
2.1296
2.15402
5.35531
5.29912
2.08838
2.1196
6.39267
3.76887
2.13706
2.12267
4.16454
2.11813
2.10194
5.14598
5.96563
2.11474
2.09634
6.14272
3.72346
2.111
2.13632
5.21549
2.09068
2.13866
5.28797
6.75893
2.17353
2.08171
5.71258
4.78733
5.2549
2.17772
5.76837
2.14828
2.09984
3.74062
4.75034
2.1016
5.24925
6.02869
2.1292
2.12255
2.77463
6.08593
2.31869
5.81175
5.3289
5.03116
2.11902
1.77414
5.0856
1.78093
1.84232
5.19818
3.96998
1.80662
2.09774
5.92655
2.84672
2.20428
3.8096
5.14103
2.12809
2.1113
6.64797
3.89142
2.11677
3.71034
5.22229
2.13158
2.13269
5.3836
5.22629
2.08744
2.21133
5.28693
2.12209
2.09134
5.72372
2.99825
2.13047
2.09456
4.91795
2.16982
6.69531
6.26229
4.47251
2.32278
2.16945
5.68694
2.10109
2.10295
6.85384
2.19596
2.10532
3.87698
6.10283
2.14285
2.12829
5.89779
5.14013
1.79354
3.17643
6.37442
2.12331
2.07259
6.16144
4.68226
2.32415
3.86761
6.56905
2.13022
2.10588
5.76586
2.16029
5.22823
5.73954
4.66512
2.1232
2.11625
5.90339
3.60092
2.12255
5.54102
6.76066
2.12365
2.10836
5.64753
2.35267
2.15656
3.5629
5.70229
2.14164
2.16263
5.62951
2.22196
2.12107
3.9082
4.84263
2.10839
2.12626
6.46575
3.13066
1.80138
3.51526
5.12523
1.78307
1.79703
5.12978
6.82906
2.12521
2.12761
6.41114
2.12848
2.12641
4.80066
5.20745
2.15493
2.1694
4.71733
2.16175
4.72134
6.80088
3.62973
2.12849
3.45187
5.12236
1.78237
1.76033
6.76287
5.14934
2.12346
2.16166
5.06309
2.16779
2.12485
5.91456
5.42295
2.11787
2.11945
5.19405
2.11659
2.15752
5.71037
5.03855
2.22564
2.12494
5.77212
2.16374
2.12077
3.68854
5.74076
2.127
2.30061
5.92709
5.24864
2.13849
2.17542
5.08746
2.10609
2.12981
6.03994
3.64594
2.11916
3.83446
5.0012
2.10492
5.53765
6.45934
3.33277
2.13665
1.88086
4.32361
1.81223
1.79823
5.44585
1.78005
1.76953
2.29457
6.29854
2.09947
2.11779
6.72919
2.14752
2.12032
3.81986
5.25165
2.13576
2.11525
5.22433
2.12665
2.13059
3.79556
5.09876
2.11406
2.3111
6.77492
2.12259
2.10374
6.45274
5.20656
2.10235
2.13233
6.79205
2.12506
5.42636
5.17533
4.59668
2.10813
2.11591
6.74159
2.33622
5.37218
5.77208
5.13547
2.11538
1.9723
4.70164
1.7594
1.76309
5.39179
5.37547
1.78157
2.14743
5.66627
3.70014
2.11213
2.12931
5.71781
2.11605
2.10297
5.90685
5.07384
2.09228
2.09314
6.31821
2.11992
2.34828
5.90481
4.97218
1.77724
1.77891
4.22549
1.80424
1.77692
4.91176
1.76789
2.11388
3.58217
5.01932
2.11628
4.78777
5.65933
2.10139
2.09055
3.51633
4.27179
2.09052
2.11585
6.01412
5.2901
2.09832
2.10859
4.35851
1.78535
1.75647
5.29655
6.48088
1.80037
1.79353
5.94471
2.10833
2.12465
3.59238
5.34517
2.10866
2.08557
6.49022
3.16991
2.1123
2.19642
5.69099
2.0957
2.10975
5.20112
2.1135
2.11487
3.33923
5.12678
2.09728
5.27256
5.75686
2.12469
2.14718
3.91134
4.78959
2.1376
2.12958
4.47111
3.76965
2.19626
2.28799
5.44255
2.12253
2.1422
5.89396
5.21219
2.11031
2.08582
5.65728
2.12554
2.08904
3.1779
6.17068
2.15269
2.09681
6.03587
2.15986
2.13104
3.59727
5.87863
2.11329
2.31461
5.78265
3.60049
2.15586
3.75298
5.9796
2.22909
2.13089
6.12873
5.46635
2.11208
2.1194
4.58595
2.13817
2.08573
6.53224
5.6947
2.09917
2.08339
4.8342
2.0885
5.02634
5.40663
3.75599
2.12148
2.21504
5.9875
2.1362
6.24648
5.04057
4.93963
2.14211
1.87078
5.6961
1.80742
1.78545
5.00658
3.29721
1.76325
3.39076
6.45303
2.13122
6.05752
4.44531
5.31914
2.10564
2.18473
5.11734
2.12859
6.29578
5.73484
3.71641
2.127
3.47459
5.94977
1.77003
6.03373
5.91384
4.58652
1.7646
1.76567
4.99801
1.79408
1.78726
6.10192
4.2796
1.80495
1.85488
4.91537
1.77427
1.78121
6.04239
3.91772
1.80329
3.12064
5.30285
1.77081
1.78394
4.65517
5.17157
1.75503
1.76307
5.59487
1.75728
1.76701
4.83061
3.89488
1.78116
3.76179
5.76996
1.80585
1.77587
4.37439
4.97104
4.98557
4.39932
4.42879
1.76675
1.76677
6.28596
2.11705
1.78738
5.64037
5.11351
1.77993
1.76947
4.35192
1.79515
1.76851
5.60422
4.84683
2.11741
2.11578
5.26792
3.71205
2.1161
3.81344
5.25683
2.10714
2.8189
5.50839
3.57819
2.14788
2.22431
6.76809
2.10293
2.10806
5.70806
5.97334
2.15669
2.12229
5.67951
2.13474
2.13979
5.6071
5.0937
2.11614
2.10675
6.40639
2.11093
4.69306
6.30165
4.23238
1.82322
1.79995
5.82997
1.7778
1.75554
5.85814
4.49984
1.77033
1.78958
5.48515
1.9916
1.79985
5.38597
6.30028
1.76612
1.75525
6.15709
3.40103
1.78391
3.45105
5.29962
2.11019
2.09997
4.64654
5.43103
2.0929
2.1296
4.35406
2.15017
2.12365
6.17467
5.26814
2.11715
2.24297
4.86505
2.13744
6.00191
4.846
5.53998
1.80023
1.76783
5.71078
3.21457
1.80741
4.93288
4.99313
2.29741
2.11372
6.42025
2.13332
2.09344
4.91848
5.47361
2.12193
2.11906
5.17265
2.09763
2.31561
5.76718
5.74568
2.12157
2.12877
4.87306
2.12831
2.09627
3.53356
5.66572
2.12039
2.10353
5.56103
4.66451
2.12786
2.14646
5.29766
2.1183
2.12091
6.41094
4.61431
1.83842
3.28818
5.20265
3.35233
1.77199
6.19084
1.77865
1.76774
4.9154
6.3595
1.79571
6.21594
6.30041
1.77018
2.76165
5.00396
4.4089
1.7683
1.78075
4.87042
1.79287
1.77114
4.1107
5.87027
1.77789
1.80244
5.46461
3.10243
1.79813
4.32598
6.40219
1.79888
1.74589
6.38624
5.62245
1.80361
1.7804
4.88377
3.35009
1.76165
3.56568
5.40193
1.76877
1.90854
6.03343
4.2184
1.77797
1.76692
5.75719
4.5816
1.76424
1.99327
4.01235
1.77078
1.77667
4.56869
5.22741
1.78994
1.78183
5.37263
4.65233
1.80264
1.90749
5.12015
1.81307
1.83416
5.63205
3.41702
1.79943
3.44571
5.39991
1.79444
6.12108
4.28672
4.91604
1.76367
1.88555
5.31709
1.82034
5.81181
4.39962
6.28038
1.78378
1.7782
5.36342
1.77951
2.24476
4.57902
4.76437
1.76375
1.76094
5.04597
4.23564
1.77153
3.55561
5.30175
1.80585
1.74924
4.9065
1.77134
1.81203
4.98957
4.91763
1.80326
1.76415
4.28696
4.51865
1.84844
3.02171
6.21799
6.07165
2.83928
3.6101
1.78653
1.80536
5.34053
4.4495
2.01087
5.13743
5.43843
2.00281
1.7804
6.03092
3.77906
1.78705
4.78364
6.17465
2.11262
2.11589
5.40909
3.8169
2.13817
4.63834
6.16504
2.13806
2.1071
6.09405
4.11069
2.14702
5.30561
6.05405
2.14226
1.77423
5.79643
5.94013
1.80738
1.75938
5.56283
4.15105
6.39532
5.3758
6.28723
1.7854
1.78768
5.84514
3.35336
1.78919
6.24862
6.34286
1.78501
1.7681
5.40976
1.77152
1.82344
5.09601
6.03543
1.82046
1.77104
4.4047
4.24402
1.79177
1.77832
4.13214
1.8104
1.77498
4.24486
4.65944
1.77667
1.76778
4.86387
4.58887
2.14734
4.12039
5.85094
1.82345
1.82422
5.02245
3.39049
6.22698
5.1033
6.58689
2.12774
2.10677
6.06065
6.04228
2.19237
5.97447
5.64993
2.12089
2.13872
4.23639
5.52505
2.14515
2.08882
6.4193
4.80381
2.09331
2.16262
6.1175
2.14268
2.10921
5.9897
4.77108
2.11933
3.81018
5.6757
1.85034
1.78125
5.79923
4.90983
1.76497
1.77012
5.47332
1.99167
1.79567
5.72229
5.22514
6.34741
3.72071
6.00036
1.78135
1.79956
5.93529
3.7169
2.13209
6.44403
5.75803
2.11353
2.12391
5.89673
3.69244
2.11816
3.53286
5.25541
2.12503
2.1623
6.32374
5.35889
1.81227
2.14823
4.61292
1.81661
1.78414
4.23121
4.63631
1.80306
1.79823
6.26576
4.36008
1.78025
5.68372
4.55254
1.80797
1.80161
4.57428
3.30231
5.85743
5.14158
5.35047
1.78358
1.78364
3.90781
2.12809
1.78719
5.06213
5.35542
1.80867
1.77328
6.12247
2.23428
1.79834
3.28867
4.3855
1.78655
1.77489
5.38328
4.09769
1.77232
1.99678
5.1456
5.4342
5.88813
4.30972
4.71283
5.46102
5.81567
5.90301
4.11124
5.61143
4.98993
5.72174
4.37417
5.96764
5.43553
5.21909
6.01281
4.79203
5.03424
6.01975
4.28198
6.39306
4.87518
4.83989
6.38852
4.59641
3.324
3.28874
3.33279
2.54835
