3.31479
3.69351
4.12322
3.99361
3.66239
3.72325
3.4572
5.29192
3.46638
3.97337
2.04354
3.89825
3.27378
3.06447
2.06782
3.447
2.08649
4.07878
4.7212
3.66714
3.63455
1.72726
4.45242
2.05765
3.71427
2.08246
5.05279
4.59063
2.09451
2.05574
3.72885
3.66385
3.4124
2.07727
3.7702
2.09978
4.25592
3.6536
2.05825
3.75201
1.74481
3.33401
4.58699
3.64165
3.29449
1.74963
3.35925
3.61826
5.29613
4.73074
3.74534
5.11013
3.74876
4.89978
4.82595
4.62825
4.57369
5.13286
5.66191
3.5571
5.36712
3.8249
2.0714
1.96441
1.7336
1.76925
4.65825
3.07316
3.12211
3.90691
4.62206
1.74979
1.75976
3.3166
1.74823
2.63444
3.72353
3.357
1.74139
1.73275
3.74434
1.77667
3.45106
1.99645
3.383
4.29298
1.73721
1.71268
5.0083
3.30395
3.3673
3.31058
3.42571
4.02276
3.45251
3.30998
4.87457
1.75759
3.43522
1.92241
2.86341
3.29509
5.00169
1.895
2.0303
3.11325
3.15342
3.4165
1.74503
5.07541
3.38881
4.151
3.55606
2.10132
3.79367
4.86018
2.06858
5.64531
5.74283
5.86859
3.18993
5.34743
3.64054
3.61056
2.07395
3.70348
2.3012
2.25472
5.44076
3.39732
6.48641
3.76784
2.10747
3.61979
2.07941
3.48736
5.06424
3.33772
3.24995
3.83326
3.71413
3.6308
2.07736
5.98663
5.29882
2.07614
4.5912
4.52481
3.72786
3.90366
2.08384
4.17269
2.05749
5.23702
5.78918
2.2397
2.20702
2.06873
3.42145
3.66194
3.75372
5.02703
3.39101
4.67558
5.73659
3.62297
3.78279
3.62841
2.12432
3.61601
5.54805
3.74442
3.68483
3.61711
4.97018
3.74782
4.82978
5.40061
3.82342
5.08203
5.26282
4.9395
3.91441
2.06811
3.84967
3.88423
2.69592
2.04992
2.08232
2.10423
4.53698
5.56731
3.93659
4.87223
3.56249
4.76988
2.65538
3.4229
4.65661
2.06129
3.64299
2.10229
3.56292
2.05969
2.05441
3.55665
5.43219
5.42576
2.0689
2.07227
4.63786
2.07582
3.82976
2.0782
4.12614
3.56316
3.71149
5.17062
3.49737
2.0532
3.89575
3.85296
5.43191
3.73616
1.7348
3.64365
2.6057
2.05648
3.55328
2.09074
3.7565
3.44507
4.92577
3.64104
2.06298
3.79946
3.64738
3.76829
4.63919
2.0479
2.06087
2.06524
3.35062
2.07774
1.74584
1.72151
3.39517
2.0599
3.71993
3.83623
3.41093
5.09708
3.44248
2.0812
2.06023
3.22405
3.50352
3.827
3.7267
2.06927
3.65071
5.34634
5.2803
3.7643
5.51313
5.48462
3.37645
1.73128
2.93934
2.03339
3.37028
4.79526
2.06658
2.08843
3.65003
2.15032
2.05569
2.33773
2.95603
3.83471
3.64424
3.56391
3.62099
5.30906
3.86669
5.36034
4.18847
4.83885
3.68897
3.64805
4.16015
4.55474
3.79228
4.43133
3.75003
5.28453
5.25916
5.45856
4.99483
3.81015
2.08508
2.26508
3.69662
3.83177
5.37856
4.72662
3.0056
2.29127
4.95233
2.93717
3.66722
3.81518
2.05951
2.09993
5.41089
2.06805
4.5405
2.1075
3.76324
3.63987
2.08001
4.09735
3.33299
2.07344
3.66712
2.05835
3.47205
2.04307
3.72526
4.45063
6.07772
4.43533
3.75842
3.70011
3.70341
5.1552
5.00791
3.8095
1.74552
3.37633
1.72995
3.39488
3.37246
3.3787
3.34731
1.77774
3.71522
2.04746
5.25721
3.5329
3.46698
2.9045
3.64233
3.32431
2.04211
2.07166
3.73489
3.76013
4.55382
3.66624
3.5257
3.67365
5.08777
5.23119
5.23728
3.68906
5.2394
5.09571
3.75038
3.72453
4.56247
4.8013
2.93761
5.66505
2.06772
3.6904
3.47196
2.35174
3.60083
3.69753
3.97669
4.63943
3.72189
2.09727
4.03973
1.72309
4.4828
2.98405
3.43641
3.78477
4.82326
1.77499
2.07083
3.88777
4.2921
2.08657
5.26265
3.70523
3.90565
4.74307
3.78941
3.68573
3.50892
4.70474
2.07479
2.5839
4.94149
3.23864
4.93903
2.27602
2.08378
2.06104
2.18672
3.75822
2.12922
3.68802
2.077
3.8163
2.09203
2.04451
2.08386
2.06462
3.24966
4.33955
2.04639
2.08784
5.36832
3.76583
3.59418
3.67767
4.65103
4.97797
3.53737
3.4162
4.01696
1.72308
1.75655
3.25385
3.33815
3.95694
2.06856
4.67267
5.12747
3.82755
3.6686
3.56736
5.30135
5.89467
5.16714
3.62147
2.74854
4.66418
3.83775
3.57567
4.78436
4.69697
3.78899
2.06164
4.70606
4.41959
1.78375
3.42458
2.07919
2.08316
4.69392
2.05996
5.10049
3.72646
2.12951
2.06448
2.06607
2.08815
2.07889
5.1356
5.42181
2.30048
2.95846
2.0498
5.19633
4.57823
3.29947
2.06986
3.67141
2.09867
3.78222
5.20479
5.07789
3.54592
3.41375
4.4507
2.11004
5.27047
2.21705
4.11341
2.07152
2.0619
4.96578
3.69277
2.06622
3.64054
3.74336
3.69934
3.02873
3.21352
4.50222
4.9173
3.09022
3.35981
1.72498
4.86032
3.65676
4.92444
3.55786
3.75201
3.82596
3.51304
2.05814
3.71588
2.27126
2.07427
4.42446
3.86691
3.64983
3.65651
5.2354
2.0821
3.36905
1.72301
1.70928
1.70502
1.72736
3.38299
1.7353
2.5648
2.0439
2.05192
2.07398
3.57605
3.52086
4.49451
3.66837
2.0518
4.072
2.05227
2.05596
3.71119
3.68886
2.06433
2.07961
2.07297
4.9843
1.76082
2.99054
1.7916
5.08812
5.57373
1.71957
3.55752
1.7253
1.73582
3.34747
1.9476
3.39575
4.15543
3.28577
1.72287
3.34561
3.5036
3.42917
3.37245
2.51047
3.46323
3.36427
5.31261
3.43249
3.3046
4.65006
1.7351
3.28166
2.90982
1.73387
3.34591
5.42785
3.42499
2.92792
4.34865
4.96833
3.38404
3.32903
3.27384
3.36962
1.72526
1.72909
3.01267
4.30496
3.11233
3.13868
3.37342
1.7425
3.43465
1.73233
1.82465
3.38755
4.38373
4.76255
1.72748
1.76645
3.57191
3.19232
1.72961
1.72435
1.734
1.75741
3.31974
4.33435
3.30459
3.31799
5.69255
3.36939
5.3563
1.74254
4.303
1.71529
3.60096
3.31536
3.43795
3.45717
3.3573
3.25799
3.44068
3.36487
3.35269
3.39932
3.39709
4.85943
5.11458
1.75671
3.32765
3.7143
3.62032
5.87915
4.48837
3.66871
3.79122
2.14631
3.52678
2.0632
2.09321
3.68093
3.90468
4.61519
3.6043
3.6741
3.52247
4.6768
4.47075
3.97545
3.11341
5.29405
4.44273
2.08885
3.75564
3.75101
4.91554
4.80984
3.64785
3.7305
2.08018
2.05574
2.10246
3.73876
3.64586
3.94573
5.25528
4.62657
3.79521
4.25864
3.7018
4.5173
5.19109
3.66229
5.25729
3.54425
6.04702
3.74066
5.1908
3.69591
3.86901
5.02377
3.53467
4.55032
3.53756
5.23499
2.09429
3.62856
2.09955
2.04888
5.51769
3.45245
6.4623
3.5328
2.07894
2.06329
2.05984
3.7067
1.72718
1.74652
1.71228
1.74243
3.48843
3.38229
3.22422
1.72809
1.75794
4.28355
5.04418
5.05024
2.09932
4.4169
4.69483
5.38119
4.67119
4.98754
3.84392
3.91366
3.25622
3.7832
3.58623
2.90001
3.68061
4.55861
5.12171
1.71807
3.42087
3.39141
1.80501
5.02504
1.72297
3.51537
1.75347
1.76268
1.72753
1.72209
4.74127
4.75117
4.81059
2.83637
3.2048
3.19714
3.39059
5.18768
3.21297
1.7313
3.363
4.95176
3.00342
3.99653
3.79837
3.71705
2.07395
2.10041
2.07064
2.11465
3.53815
2.37855
2.13433
2.08516
3.47735
3.75534
2.13233
4.89952
2.09191
4.11972
1.7563
4.93012
3.41027
5.00562
1.74462
1.76157
3.0916
3.2591
4.53451
6.33665
1.75219
3.45432
4.6885
3.56201
1.73575
1.73097
1.78428
1.72033
3.31485
1.73404
3.31395
4.61033
3.57777
3.49556
1.71881
3.53987
2.83246
1.92829
3.36105
3.34384
6.39713
3.12306
3.38756
1.73574
4.33456
1.74976
3.61329
1.76302
2.6252
1.73852
1.72063
1.72157
3.45912
2.66455
1.76905
3.62154
4.26581
1.73368
3.8906
1.74729
3.75627
2.05801
3.91184
2.06462
3.73285
3.81099
3.31732
2.06866
2.07463
2.11388
4.66001
5.20558
5.31195
3.57993
2.0706
4.78665
4.27088
5.00929
1.95383
1.73535
1.74476
3.47147
3.20641
1.72661
3.32958
3.48822
5.3825
3.64493
1.7462
1.78911
4.35732
5.45712
5.18374
2.31799
1.74945
6.18954
3.50132
3.28922
1.74441
2.98562
3.54987
3.53928
4.36755
3.54464
1.77399
4.84983
3.42254
5.73802
3.33578
1.76789
2.01746
5.0407
1.75766
2.04678
3.26481
1.73656
3.25905
3.92435
3.84256
4.78136
1.73274
3.41185
1.9273
1.73733
4.0799
3.16226
4.89901
1.75959
4.10623
1.72106
1.7365
3.45075
2.97107
3.22758
3.31333
4.69274
1.74236
1.75653
3.16147
3.65176
5.03675
3.10291
4.46243
5.02635
1.92034
1.72481
5.77136
2.08858
3.6994
4.155
4.57215
3.79896
3.61845
6.74312
4.86089
2.07285
2.05245
3.49195
3.94324
2.35689
2.10464
2.07834
3.58371
3.6168
5.17632
3.46789
3.43591
2.65357
5.0097
3.47549
3.20531
5.08184
4.90693
3.9012
3.26968
3.33738
3.45191
4.57252
1.73239
3.78953
2.9798
3.13083
4.34417
4.5052
3.36316
3.06756
3.40648
1.92816
1.71921
2.88862
3.4296
3.39444
3.28282
1.80188
1.735
1.72204
1.7509
4.82641
3.24517
1.77566
2.94841
4.93778
3.70025
1.78437
3.16492
1.73293
1.72281
3.51107
3.18724
5.03388
3.38267
5.05727
1.75116
5.11465
3.24341
4.60248
3.83152
3.28988
3.69794
4.53031
1.7327
1.71837
2.96323
1.72674
4.30406
3.52897
1.72889
3.46775
3.40693
1.79959
3.54934
4.33069
4.47693
4.16571
3.00778
3.02103
2.53673
3.25084
3.05372
1.70438
2.73262
4.7555
1.75769
1.73222
3.67177
4.7752
3.93871
1.7303
3.45407
3.2489
1.79005
3.9826
3.41741
3.7185
1.73173
3.45872
4.06769
1.72317
1.74339
3.59042
4.68023
4.30368
4.84997
3.46906
4.82898
1.72199
2.83368
4.7923
4.75225
3.39432
3.43001
3.57537
1.81516
4.79064
3.454
4.97697
3.10764
4.59272
4.98981
3.26624
2.8971
1.73279
2.86045
1.73326
3.38083
1.73591
3.13745
4.36071
1.75986
4.75546
3.39523
5.35098
3.37465
3.47414
3.27447
1.85058
1.93601
3.328
1.71409
1.74031
3.41189
4.20469
5.14113
4.8537
3.1198
4.14538
1.76122
5.28187
3.69989
6.2071
2.11983
4.73284
5.2633
2.08774
3.40311
5.7243
3.82604
3.92032
3.62923
3.53726
5.93685
5.7114
2.0893
3.72536
3.5071
3.19464
6.15731
3.36081
1.76984
4.48014
3.39692
4.76933
1.74268
5.25243
3.13897
1.75942
1.7611
3.53863
1.98581
3.66261
1.94709
3.65925
3.25649
3.53387
5.40558
3.93183
4.99495
2.07506
3.8526
2.09371
4.70065
3.75437
2.06335
3.71706
5.71286
3.79148
3.54312
2.05777
4.54145
4.08775
3.99274
3.57937
3.20525
1.7052
3.49211
3.39476
4.20709
3.06567
4.62827
5.01082
5.02183
3.71679
2.1237
2.07134
3.80581
2.09105
3.74733
4.67666
2.08964
3.45226
2.9267
2.08197
2.07857
2.08645
4.37161
3.65832
2.06972
2.08534
3.61318
3.85004
4.71522
3.97376
2.10698
3.74751
4.99181
4.1455
5.32595
3.80267
4.74972
3.92237
3.66785
2.08691
2.1086
2.06817
3.08881
1.73912
1.74452
1.72138
3.58778
1.72793
1.72444
4.45547
2.08865
3.70066
4.7282
3.7447
3.43786
4.06564
3.83725
3.51842
5.6938
2.11945
6.06455
3.78416
5.15116
2.1291
2.09862
3.75541
3.83836
2.16112
3.76381
3.68457
3.75417
3.94836
2.10499
5.32795
3.43265
4.93238
2.08506
4.14832
1.78609
3.33792
3.48829
2.96668
1.74514
3.30921
1.7238
3.38231
2.90733
2.7738
3.44982
4.97742
5.23934
4.74419
3.33041
5.21524
4.84827
1.74027
1.72475
3.14929
4.28078
1.73649
1.74242
1.74176
1.76158
2.05401
5.14167
5.04536
5.39091
2.28092
2.06549
3.59955
4.66523
3.7287
2.06637
2.07371
2.10303
3.78927
2.06843
3.63374
5.38541
3.72197
3.56276
3.82579
3.37506
2.06408
4.11751
3.86168
5.21438
3.7135
2.08138
2.08157
2.05425
3.78208
3.72412
3.58214
4.7101
1.75389
3.36452
1.72963
3.28864
4.53956
4.31929
1.73663
1.71903
4.84185
4.17617
3.75608
1.73873
1.74419
3.32915
4.83593
1.933
4.51405
3.30298
3.34463
3.63702
3.45597
3.39668
4.32038
4.39236
3.38405
1.74756
3.38649
1.73268
2.43073
3.25709
3.22407
1.74184
4.21962
1.73689
3.41675
3.37762
5.18174
3.61276
2.36545
4.26264
3.43838
3.3794
3.89167
3.36167
3.37724
4.2807
3.35338
3.55382
3.39937
5.47361
3.23062
3.45844
3.58831
4.8272
1.73448
1.75544
3.42704
2.98239
3.34928
1.72746
3.07943
1.95215
3.48573
1.77916
1.72389
1.73639
2.94522
3.33025
4.77748
3.60229
1.72371
3.66943
4.27112
3.30159
3.6107
3.95531
4.63152
1.72906
1.77186
4.23428
1.93257
1.72428
3.3434
1.73674
3.81425
5.06257
1.73809
1.729
3.17997
4.33529
1.71986
4.17159
1.74357
3.54389
3.12857
1.72795
1.73105
2.04177
3.45856
1.74347
1.7368
3.0632
4.48682
3.32538
1.74261
4.24594
3.47107
3.38147
1.7624
1.73071
4.43732
2.80073
3.41168
1.74282
3.33259
1.73604
1.71603
2.77962
3.81466
3.54632
3.44057
4.86939
5.6363
5.00169
3.39711
3.55802
3.80378
4.59764
5.48451
2.06058
2.91157
3.78365
3.72098
2.13765
2.07114
5.38889
3.60978
1.72784
5.39964
3.25266
3.40048
1.73291
2.49138
3.36268
4.80814
2.03448
1.7246
3.28112
3.1819
3.32632
1.73616
4.33767
3.22268
3.35316
3.20061
1.73212
3.38082
3.35121
4.95928
4.58974
4.35172
2.08899
3.5714
2.07377
3.70071
5.59003
3.53248
2.29669
2.0756
5.27016
3.98478
3.80698
5.45037
3.64014
2.08264
2.09075
4.08826
3.71637
3.1819
5.04683
4.85795
3.25673
3.38059
3.41843
1.71786
3.39387
1.70304
6.33883
4.40432
1.71113
2.45811
1.75741
1.73151
1.71004
