3.79241
3.77482
4.5943
4.61144
5.85444
5.28203
4.71641
5.49536
3.18815
4.93152
3.78617
6.6802
5.0821
5.18057
4.97397
4.48995
5.10448
3.86868
2.13065
3.16009
2.12956
5.1967
2.16995
6.54849
2.09739
2.1293
6.70922
5.68423
2.09938
2.10585
5.90347
3.72643
2.09776
4.58308
5.24914
1.76114
4.70982
5.39257
1.77104
1.7532
5.75674
6.87648
2.11489
5.27804
5.38393
2.11722
2.09681
5.32339
5.92256
2.13657
4.41147
5.75837
3.63516
2.1176
5.87129
4.65441
6.75932
5.8255
6.20294
2.1111
2.12047
4.76454
6.7202
5.33453
6.57161
6.70579
2.12793
2.19516
5.73227
6.12902
5.24998
6.50875
6.8069
2.11117
3.41063
4.43225
5.12108
5.01798
5.67766
5.8396
2.16239
6.66757
5.73631
2.13353
5.81408
5.47841
2.12261
2.14705
5.16517
4.8277
2.0972
6.56741
6.48258
2.13753
2.96222
5.56903
5.60784
2.12346
5.38016
5.56312
4.94765
4.36509
4.53332
3.36246
1.77484
5.18636
5.58447
2.14496
5.34396
4.56116
2.11596
2.14735
5.85222
4.94566
2.10278
6.66036
6.51476
2.15024
5.20644
6.40412
2.09984
2.16
6.011
4.6186
1.76903
5.35006
5.8587
2.15922
3.68843
4.90328
5.23376
5.77426
5.32913
6.10122
2.10739
4.69424
6.47624
2.10176
2.11691
5.89554
3.72395
2.13395
6.28424
4.60191
2.31811
2.18701
5.29187
5.36613
2.32282
6.28305
5.27754
2.10691
2.14915
5.4713
5.02091
2.11344
4.65724
5.2168
2.16971
3.06901
6.11295
5.06569
2.18497
6.68746
5.36398
2.10303
6.18238
6.66186
2.14098
4.8816
5.81592
4.62248
1.82819
4.02114
5.26134
1.81723
2.13291
5.95549
4.58501
2.19834
3.78555
4.67347
2.17056
2.35241
5.44324
5.32475
2.09788
3.53807
4.75618
2.10375
2.11282
6.4676
5.88462
2.17177
2.88273
5.41058
2.12506
2.11097
5.72897
5.60562
6.21793
5.24126
5.92555
2.13677
2.09869
5.57432
4.76941
2.10967
5.72211
5.08444
2.11672
2.12573
5.99996
4.75546
2.15727
5.95135
5.21378
2.17431
2.09843
6.13202
3.77594
2.17041
6.07168
6.47106
2.13115
2.14343
6.29353
6.1329
2.1132
3.92534
6.36978
5.28645
2.16587
5.67493
6.58589
2.11554
2.11716
5.74994
4.24317
1.77435
5.88941
6.18809
1.76591
1.78287
6.4644
4.58624
5.45984
2.11637
6.7333
3.91282
2.32271
5.20686
5.17696
2.12063
5.04808
6.80191
4.75307
2.1155
6.48085
5.75417
2.12281
2.11689
6.57911
4.99201
1.7808
1.76462
5.67283
4.88659
2.14445
4.77443
6.33626
2.11206
2.12797
6.79719
5.29999
2.09639
2.38117
5.92873
5.4437
2.16894
5.0493
5.73175
2.11847
2.13387
6.50773
4.70545
2.07395
3.88525
6.05989
2.144
2.11297
6.79741
5.0765
2.13857
3.8078
6.53837
2.14224
2.1161
6.09417
5.73258
4.69266
5.80095
5.81009
2.11665
2.12616
5.39092
2.13625
2.16038
5.69316
5.06436
2.10544
3.84882
5.40912
2.12098
2.12817
5.20981
6.55554
2.12395
3.84688
4.33244
2.12225
2.10068
4.88321
5.89233
2.12309
3.9736
6.23465
2.3436
2.12702
4.7538
4.1843
6.43508
5.76345
3.74238
2.10297
6.53387
6.64906
2.12338
2.11327
5.03875
5.19891
2.11287
4.69029
5.69143
2.12526
2.13492
6.47917
5.89323
2.1356
2.13338
5.70618
5.6936
2.11436
2.12117
5.70652
1.77452
1.77046
5.32624
6.38594
1.76002
1.76582
4.69442
6.24893
2.12696
3.60612
6.81811
2.10537
2.1023
6.17719
4.68658
2.1243
2.12993
5.78171
5.12871
2.16639
6.20973
5.15893
5.71496
2.14101
6.74642
4.61746
2.10703
5.45932
5.1436
2.13435
4.73409
5.63556
6.59366
2.12833
2.16648
5.69001
2.1597
2.1028
6.2379
6.045
2.32413
2.17936
6.09682
2.13625
2.17712
5.26669
6.75017
2.1301
2.11813
5.84943
3.64201
2.13216
6.52097
4.83417
2.13309
2.12975
4.74312
4.02235
2.13222
5.10598
5.4716
6.75418
2.15885
5.47699
2.17662
2.12617
5.2479
5.38613
2.12698
5.57787
5.05659
1.79959
1.77382
5.40822
4.86838
1.77567
2.10866
6.6465
3.82271
2.11518
6.19317
4.81942
2.1533
2.12419
4.91196
6.36449
2.1267
2.9624
4.76544
2.12664
2.12061
5.68524
5.55906
2.34016
2.12423
6.13302
4.70803
2.11206
5.90127
5.86971
6.31267
2.13349
4.73937
3.6296
2.10042
5.84925
6.70174
2.08697
6.64955
5.43615
2.15402
2.09741
4.881
6.20843
2.10553
2.09835
6.41024
2.89706
1.76595
3.62033
5.37214
1.80881
1.78678
5.24395
5.15915
2.13058
3.59501
5.72697
2.10498
2.09745
4.9695
6.48506
2.11059
2.15299
4.7129
2.71779
2.13346
5.78618
5.98061
2.13786
2.10829
6.04343
4.76872
2.12382
6.25071
6.41242
6.26607
2.114
6.22138
4.99813
2.10562
5.75476
5.73872
2.13043
5.98356
4.86267
6.31583
2.1043
3.79651
5.64994
1.81546
2.11512
5.98928
5.97548
2.09832
3.54807
4.83471
2.13906
5.20417
5.49665
5.88259
2.20475
2.10004
6.1278
4.81702
2.12495
5.42134
5.93944
2.11482
2.10523
5.94969
2.1424
2.11286
6.87338
6.08669
2.14672
2.10247
6.68048
2.1307
2.12266
6.12046
4.61605
2.12787
2.12988
6.22971
4.99107
2.10395
4.08911
5.70578
2.13482
2.11426
6.60398
5.26363
2.11594
2.28397
5.15963
1.79973
1.7936
5.52242
5.42025
1.82095
4.07675
4.37009
5.33207
1.76919
5.4432
4.89112
2.10199
3.96658
6.89144
2.11241
5.23104
4.77597
4.76077
2.13198
2.29035
5.43999
5.18939
2.11904
5.60632
4.46969
2.1205
2.10393
5.27622
5.06763
2.14373
5.74514
6.66742
2.15241
2.11186
5.65019
5.37572
2.1641
4.26496
5.71075
2.10323
2.11576
6.1807
6.04828
2.11067
3.24628
6.10117
1.79516
1.80932
4.89165
3.65728
1.77738
5.87075
5.96888
5.80339
2.12096
6.12853
3.7115
2.14391
6.476
5.537
2.12097
6.68656
5.62637
2.15771
2.11909
6.16774
6.27557
2.12226
2.16078
5.25658
3.5836
1.77573
4.69222
5.38282
1.76956
3.44767
5.9416
1.80079
1.77308
4.36733
3.99589
1.80816
4.32299
4.61317
1.79055
1.77256
5.61864
4.91817
1.78235
1.87887
5.06991
1.79046
1.82305
4.41931
6.28656
1.79856
1.78204
4.86476
4.4369
1.77126
5.48942
4.86729
1.79605
1.754
4.92287
5.32691
5.81024
5.43198
5.56261
1.78752
1.78909
6.47653
4.01676
1.80889
4.2144
5.39709
1.80838
1.98626
4.97627
3.47354
1.78516
5.73789
5.26402
1.79008
1.75784
4.10154
3.8788
1.77958
5.07102
5.43145
3.42943
1.76258
4.18485
5.88065
1.80093
1.76252
6.06418
3.28266
2.00335
5.68072
6.45754
1.79256
1.7659
5.18136
5.00148
1.77688
5.38634
6.36108
1.81381
1.74857
5.4139
4.81844
1.78898
5.42249
4.69556
1.76889
3.81508
4.65798
1.7823
5.38193
5.46423
3.37542
1.97319
4.78798
6.44095
1.80351
1.7694
6.54672
4.06331
1.76672
4.29289
4.39992
1.80294
1.77168
5.37688
4.29679
1.80681
2.10603
5.2849
4.19957
1.83584
5.87972
6.36272
1.79424
1.80818
5.09085
3.35521
1.78549
3.2832
5.63122
1.9597
1.76629
6.17617
3.62866
2.11869
4.31406
4.70839
2.17422
6.49075
4.87377
2.17425
2.11963
4.8592
6.13198
2.11562
2.11347
6.69773
2.13946
2.11579
6.0965
4.85108
2.13842
2.13657
4.63039
4.7671
2.11048
5.82261
5.20246
2.13094
2.10435
6.46895
4.51992
2.12657
3.73181
5.7244
2.14087
2.12927
5.91285
6.42751
2.11449
3.8022
6.72256
5.32018
2.13843
6.56507
6.52685
2.15054
2.1212
6.21651
2.86389
2.12246
5.75287
6.15407
2.14178
5.70617
6.70462
5.1227
2.10514
3.62846
5.94526
1.78148
1.75743
6.42619
4.94999
1.80861
3.12623
4.31983
1.89576
1.75796
4.81029
5.0432
1.78724
3.45169
5.38472
1.79386
1.77168
6.43476
2.97742
1.79875
5.60334
4.02664
2.16632
3.76941
5.69705
2.13128
4.83217
5.72398
2.15833
2.11895
6.61386
5.78782
2.1386
2.13304
4.47418
2.19993
2.09104
6.06022
5.60846
1.99912
1.81033
4.46581
4.14328
1.80686
4.87486
4.80415
1.79475
1.78146
6.32273
4.53955
1.79245
4.74815
4.93088
1.78391
1.75634
5.87735
3.37476
4.48777
5.98831
4.87308
1.80236
1.86328
4.26595
1.81019
2.11255
6.71139
6.63187
2.10715
2.15229
4.7348
2.15958
2.14667
6.19897
5.77723
2.11912
2.11631
5.70378
2.1664
2.13044
6.09663
6.2641
1.98121
1.79745
4.8905
1.83267
1.78368
5.20192
5.58001
1.79569
1.95491
5.37432
1.8108
1.78401
5.45294
4.23482
1.77406
3.17325
5.49044
1.78826
1.76804
4.39109
4.61347
1.77133
3.44359
5.39101
1.79961
1.76288
4.94419
5.61509
1.78613
3.16226
5.34512
1.80135
1.80222
5.07089
5.12779
5.35361
3.11105
5.87909
2.6113
2.12512
5.19969
4.7571
1.7722
5.64302
5.04128
4.74498
1.76587
3.62439
4.35375
4.69101
1.79078
5.25806
5.84929
1.78822
1.80772
6.28438
1.83023
1.75203
5.61152
4.53968
1.7619
1.9751
5.95089
1.8197
1.79806
6.59508
6.19488
1.83133
1.76211
4.56803
1.7745
2.10636
4.3406
4.32984
1.77672
1.76556
4.67588
1.86513
1.76743
6.03537
5.14495
1.77516
1.77415
6.50357
4.8875
1.77855
3.40764
6.59173
1.80525
1.80284
6.07937
1.79975
1.80178
5.62919
4.25524
1.78866
4.94799
5.41192
4.60945
2.00243
3.42292
5.41704
1.79086
1.77002
4.60296
4.49292
1.80797
2.61204
4.36064
1.7778
1.75548
5.86446
5.88023
1.78477
1.81449
4.99809
1.7872
1.78087
6.63223
5.01526
1.78897
1.76329
6.34301
5.66152
1.82094
1.81113
5.197
1.80116
2.13775
6.02055
5.38973
2.11645
2.14287
5.50973
2.12518
4.34735
6.56838
5.21009
2.11674
2.13227
6.54614
4.42135
2.13099
6.70748
5.33766
2.11608
2.11725
6.40055
5.35345
2.11585
2.09703
6.05203
3.69315
2.11542
3.73579
6.14961
2.11458
2.13714
5.59761
6.531
1.81598
1.77533
4.56552
3.41046
1.78997
3.42575
4.39658
1.82562
1.76404
4.85276
4.5236
2.14448
2.12547
5.70965
2.14157
2.36278
3.66445
6.17588
2.91551
2.1086
6.19154
4.32313
2.1335
2.13628
5.57068
2.26327
2.13115
3.68864
4.22768
2.15356
2.32785
6.17644
2.13999
2.11896
4.96821
5.03941
2.1404
6.66138
5.67218
1.76773
1.81165
5.49504
4.36878
1.83464
1.80041
6.15251
1.78034
1.78834
5.09711
4.82141
1.7499
2.16896
5.83575
2.13614
2.3246
5.86393
4.78934
2.11565
2.138
4.91471
2.11803
2.14873
6.31265
4.54815
2.10459
2.14038
6.6548
2.09212
5.08253
6.33378
3.83595
2.14138
3.82188
4.84893
2.15833
2.09408
5.63841
4.71177
2.09934
2.15671
5.9357
1.82232
2.00206
5.42091
3.64081
1.78928
3.10519
4.35952
1.77631
1.79278
5.87522
4.25658
1.7931
1.91174
5.3365
1.99002
1.78684
4.93127
5.40389
2.00226
1.94598
4.49795
3.0908
1.77686
5.43908
5.14644
1.79795
5.55338
4.52598
1.82778
1.79234
4.27241
5.63334
1.77279
1.79833
5.33624
6.48467
1.98105
1.7721
6.34831
1.77324
1.74907
4.67466
5.91402
2.12798
2.11168
4.91974
6.63377
2.5711
2.11447
5.1793
2.14574
2.12152
6.33341
6.66271
2.14968
2.19941
4.72382
5.59076
2.11602
3.78315
4.74253
2.16507
2.13272
6.71585
5.79785
2.10733
3.83119
5.81142
1.7675
1.7957
6.84543
5.82754
2.09471
3.84357
4.69094
2.12231
2.3266
5.2589
5.09738
2.16046
4.71878
5.69077
2.14446
2.16614
4.93674
5.30098
4.97991
5.70396
5.91709
2.12766
2.20874
5.88203
2.1624
2.1374
6.38645
5.20211
1.79515
2.30275
5.53329
3.45511
1.80985
5.82596
4.76947
1.77218
1.80071
5.85852
4.33193
1.82703
4.93355
5.55341
1.78162
1.78315
6.49595
4.92365
1.82717
3.92871
6.52215
1.79749
1.77995
6.47597
5.31105
1.80535
3.18334
5.657
1.81328
1.99643
6.52647
4.82437
1.79564
3.50187
4.84975
1.8034
1.76836
6.02689
4.61566
2.09582
6.31861
6.27588
2.85762
5.85941
5.78247
5.37037
2.13697
5.84407
4.48901
2.11188
2.13702
6.6643
5.1047
2.12352
4.90667
6.27326
1.7644
1.76922
6.15768
5.51197
2.1442
5.10896
4.58573
2.14751
2.31696
5.70225
2.84934
2.12698
6.4303
5.79801
2.13497
2.12168
5.23813
3.44877
1.7686
5.66509
4.90366
1.77846
1.76918
5.38483
5.20432
1.91761
3.53844
4.0962
1.77705
1.79259
3.85753
5.0149
1.78893
5.69181
5.16745
1.78254
1.81465
6.62565
3.83116
1.77821
3.26543
6.67344
1.79583
1.75603
5.55061
5.79432
1.76688
1.96418
5.21949
5.69852
1.80749
5.45508
5.83113
1.80644
1.77066
5.60803
3.32959
1.78391
5.07249
6.35294
1.78896
1.7726
5.47375
1.8174
4.30598
4.38985
4.7415
1.78929
1.87869
5.34656
1.78929
1.76069
5.39506
3.64278
1.76725
2.66532
4.56535
1.78203
1.78433
6.22571
4.73742
1.76541
3.34774
4.3668
1.76677
1.77514
5.01207
5.09046
2.61224
5.20908
5.4171
1.81558
1.77181
5.22373
5.11655
4.85014
4.6245
5.58609
1.80612
1.76311
5.63914
1.78339
1.80141
4.40134
5.57092
1.76694
3.45214
4.94615
1.78976
1.77219
4.90923
4.22977
5.32547
5.95677
6.35686
4.93319
5.80363
5.12609
5.37071
5.34588
5.16834
6.14972
5.59239
5.73014
4.28821
5.55879
6.3544
4.93893
5.10485
5.38855
4.76913
6.09255
6.14352
5.71679
5.57515
4.58968
4.28569
3.55212
3.4615
3.46026
1.77251
