3.78512
3.74992
4.08323
4.30549
4.91649
4.13605
6.20359
5.74922
3.76314
3.50541
4.6105
5.3866
3.35205
3.76913
2.10253
6.52632
5.41756
4.89371
5.96576
4.8186
5.74808
4.74192
5.55899
5.56488
6.36356
5.83434
4.55395
6.65804
5.96521
4.8707
6.91367
5.25103
5.40338
6.67403
2.13879
5.0629
4.36732
2.12335
3.7302
4.70136
4.4498
6.49084
4.63755
5.40362
1.83591
1.78274
5.75362
3.39898
2.1299
4.35634
4.4583
1.76879
1.78283
4.95783
6.36155
1.78744
4.9275
4.45648
1.75427
1.79671
5.86775
4.57971
1.78573
4.347
5.968
1.83291
1.77264
5.36529
4.81835
1.78189
5.68548
5.39676
2.35112
5.29702
5.23097
2.13611
2.17
6.52803
4.44732
2.12302
6.49532
6.77197
2.13025
3.76441
5.73365
4.53348
1.77234
4.25047
4.95872
1.78053
3.36693
5.75504
2.72526
5.75897
5.43507
4.51938
1.80562
5.33263
5.43297
1.77521
1.7789
5.26397
4.82868
1.7984
6.31814
6.15808
1.75994
1.78631
5.37452
5.33424
3.84195
5.17253
3.62455
2.11004
5.7632
5.68826
4.90239
6.46297
5.70503
2.1172
2.10151
4.37552
4.58686
5.11965
5.33937
5.3741
1.78026
2.58524
5.45883
1.79151
1.78008
4.35425
4.69469
1.77714
3.67378
6.02529
1.76389
1.77064
4.92513
4.78942
1.78778
4.75933
6.07842
2.01192
2.77516
5.02859
4.61094
1.92187
5.43072
4.45775
2.16518
6.00701
6.06122
2.14166
5.9723
5.66484
3.63891
2.14085
5.77138
5.30588
2.10939
6.11057
6.63943
2.13337
2.12806
4.36334
5.7029
1.79664
4.67828
4.27985
1.86397
2.11724
4.73858
5.99387
2.1058
2.104
5.42401
2.12735
2.15737
5.96847
5.02843
2.12419
4.79144
4.80053
5.87909
2.15326
6.42458
4.15082
1.77556
5.79535
5.81525
1.79069
5.39583
4.9093
3.42152
2.27772
5.96127
5.53933
1.75663
4.30779
5.63156
3.33198
1.76387
5.40745
5.89061
1.79443
1.78778
4.78512
1.78405
1.76523
4.19268
4.43432
2.00311
4.57091
6.14042
2.1271
1.7768
4.57847
3.46876
1.75759
5.76904
5.22363
5.16668
6.43782
5.02325
1.80107
1.76158
5.43279
6.34704
1.84226
6.40267
5.14576
1.82983
1.78035
5.76916
5.73159
2.12597
5.0814
6.71157
2.18827
2.10756
5.84769
4.34486
2.13662
5.97366
5.65042
2.12612
2.30065
6.99274
5.25082
1.77237
5.44383
3.95959
1.78654
5.5957
4.83911
1.77559
3.46762
5.22572
4.92718
5.57325
6.13628
4.95182
1.76235
3.4998
6.60458
3.72139
1.77596
5.57818
5.35693
1.79147
1.77874
5.81449
3.36671
1.777
4.47803
6.15856
1.78453
1.79125
5.40819
3.47142
1.97165
5.88211
3.98882
1.85724
1.83514
5.1074
4.62328
1.78519
4.82284
4.80793
1.7955
4.93725
5.28074
1.77923
1.84593
5.15179
5.48891
1.77254
5.17601
3.68068
2.13591
6.37342
5.52288
2.10184
5.42635
6.19003
4.68752
2.21664
3.01778
5.50406
2.11386
2.11531
5.66674
3.65733
1.76669
4.0571
5.1293
1.78271
1.76742
4.83598
1.78047
1.77913
5.7259
5.23625
1.77588
1.78476
5.71826
2.79816
2.24743
5.89215
3.29745
1.85766
5.71627
4.78222
1.78721
5.0438
4.21669
4.70845
2.09298
3.86049
5.31059
2.13003
6.4597
6.86105
4.69214
2.1321
5.74156
6.47847
2.14236
2.11682
6.27489
5.14339
2.10481
3.14216
5.3704
1.78094
1.77063
6.09823
1.82704
1.77419
5.79228
3.73639
1.77625
3.41697
5.11497
5.39435
1.76297
5.91214
1.79264
1.79969
4.60331
4.51513
1.76989
4.33949
5.87721
1.77853
1.78244
6.53479
4.97381
2.10264
2.26841
5.02585
2.13408
2.11533
6.60645
4.26425
2.13523
2.22996
5.88442
2.15391
2.11231
6.13493
5.16012
1.77675
4.51738
4.56559
1.77034
1.86187
4.89861
2.17803
2.13064
6.58449
6.75936
5.57763
2.69198
5.13612
2.31912
2.16224
4.62804
6.14195
2.12937
6.03758
5.7535
5.11076
2.11338
3.6557
5.5558
3.71736
5.8073
6.18703
5.77045
2.14397
2.12167
6.65738
5.18281
2.12033
4.83196
6.49685
2.12314
2.13315
6.55275
5.25316
2.12085
4.70784
4.67387
2.11488
2.1201
5.21839
4.72085
2.13644
2.11673
6.53674
2.1345
2.10475
3.77358
6.40835
2.10475
2.09842
4.99535
6.28196
2.1611
2.1058
6.30815
3.25654
2.11305
2.17339
6.19588
2.09945
2.3314
6.22641
5.82566
2.13659
2.11611
5.14411
2.88608
2.10094
5.45333
3.42967
2.13995
1.85361
5.90282
1.80923
5.67423
5.55144
4.71804
1.84967
2.11125
4.48505
2.12545
2.12297
6.13613
4.62638
2.10616
2.13063
6.22656
2.12295
2.105
3.84534
5.98333
2.13276
2.10963
7.1308
3.72282
2.15968
2.09206
4.80824
2.11999
2.10611
6.07501
5.14489
2.11655
3.37952
5.23358
3.14631
2.11511
4.89366
5.20902
2.10873
2.13964
4.73226
2.09988
5.23947
6.24422
3.91567
2.11709
2.10955
5.94596
2.13935
2.13071
5.92751
4.72338
1.81975
2.11313
6.86076
5.35489
2.10914
2.14505
6.43076
2.12591
2.11976
4.83102
4.71765
2.1404
2.1954
6.75379
2.09981
2.10097
5.87658
4.54667
1.78923
1.78991
5.40924
1.77606
1.76224
5.64575
4.52391
2.11325
2.1121
5.37351
2.08857
2.12359
6.43006
4.70122
2.13236
2.30755
5.78523
2.14231
2.47705
5.71396
5.44934
1.77545
1.7671
4.53062
2.7785
1.83029
5.99115
5.37253
2.14418
2.09105
5.62319
3.70324
5.37373
6.32256
5.57227
2.11668
2.11376
6.2633
3.76209
5.52634
6.58783
4.58863
2.13878
2.14912
4.94154
2.13359
4.69984
5.82368
6.39978
2.12962
2.10414
6.47077
2.10636
2.1273
6.02941
6.29845
2.3111
2.13125
6.49271
3.66671
2.09368
3.51474
6.74346
2.11283
2.14541
5.20392
5.33436
2.33358
2.09839
5.74626
2.13292
2.1288
3.9013
5.71104
2.10274
2.09794
5.44648
6.85253
2.10192
2.12697
5.18502
4.52748
2.09459
2.09113
6.52667
2.10616
2.10493
5.70209
4.85712
2.11944
2.10169
6.59994
2.13282
2.13976
2.7891
6.196
2.1167
2.15861
6.38063
4.93906
2.11645
2.11222
5.22085
2.16363
2.13003
4.23812
6.10163
3.06806
2.10394
6.23143
3.68535
2.11776
1.76584
5.71865
1.79882
4.39
6.29737
4.13644
1.75305
2.1616
5.99152
5.47727
2.11829
6.04188
5.28638
2.12418
2.09262
4.60725
5.25404
2.09709
5.91614
5.70282
2.17282
2.11591
4.02112
5.27647
2.14082
2.15103
5.19858
3.86876
2.15433
4.04489
5.40642
2.10599
2.11805
5.86731
2.07859
2.12094
5.26295
5.15776
2.08168
2.10683
6.51139
3.07614
2.1265
5.30321
3.42793
2.09234
1.81262
5.83112
1.78439
6.22699
4.21847
6.28225
1.7854
2.14589
5.48514
4.86598
2.11829
5.76046
4.4495
2.11218
2.14219
4.41816
5.90725
2.14969
2.09173
6.06945
3.50395
2.12545
2.10524
4.37328
1.76735
1.81427
4.61633
6.52494
1.77728
1.75296
6.3872
2.11289
2.16323
3.39479
5.73862
2.12597
2.11843
5.21292
2.12907
2.10971
2.72197
5.71565
3.22604
2.10871
6.22441
3.62852
2.12258
2.10228
5.68488
2.09477
2.97249
3.58484
4.45885
2.13003
2.20086
6.99033
5.22688
2.10125
4.85209
6.31385
2.14675
2.10623
3.51083
6.44854
2.1173
2.14108
6.36721
4.76866
2.10198
2.12617
5.81555
1.77627
1.76066
3.47708
5.3918
1.77982
1.76631
4.19005
4.389
2.14335
3.10962
6.19736
2.16246
2.14084
3.97536
5.00217
2.12495
2.12698
6.0502
2.13156
2.37786
2.23243
5.19456
2.10034
2.11292
3.4931
5.75989
2.12113
2.12948
6.18057
5.07661
2.09243
2.10323
5.72335
3.10805
2.10427
6.22698
5.12828
2.09986
2.13212
5.80616
2.1042
4.42404
5.82455
5.38022
2.10869
2.13072
6.98691
2.14793
2.10194
5.78419
4.86898
2.15176
2.1153
5.4684
2.12527
2.14183
5.35006
6.80365
2.11245
2.11496
6.72783
5.06517
2.32856
2.09008
5.55396
2.14073
2.09331
3.65975
5.36473
1.76385
1.7553
4.33673
1.805
1.77659
3.52757
5.37405
1.7716
1.76295
4.6717
3.79932
1.77169
3.19809
6.37559
1.97598
1.75758
5.65521
6.34429
1.78141
1.77633
4.91564
1.78262
1.77213
5.29554
3.52477
1.77646
3.40432
5.34882
1.77559
1.77519
6.05257
4.29976
5.24919
1.78619
5.24251
1.77293
1.77013
3.40479
5.71858
1.76909
6.06968
4.76795
1.83221
1.77561
2.30886
6.42646
1.7639
1.76586
5.38624
1.78741
1.76666
3.56737
4.55633
2.52383
1.77766
5.52334
5.64089
1.77291
1.81928
4.88959
3.37242
1.7632
5.4903
5.22902
2.10766
2.12352
5.06376
6.11494
2.09693
2.11301
5.28059
2.1419
2.12143
2.19079
6.54042
2.14055
2.11995
4.0282
5.3592
1.77489
1.79161
4.44904
2.09167
2.10983
3.71571
5.42557
2.13118
2.15554
6.12792
6.72102
2.11806
2.11136
5.77209
5.15083
2.1526
2.27181
5.36686
2.12333
1.95564
3.02368
4.90692
2.76105
1.7676
5.62464
1.76492
1.77411
3.33977
5.43655
1.82539
4.5957
6.2165
5.30139
1.76911
1.77559
6.29368
1.76351
1.79064
4.39449
5.81812
1.79625
2.32541
4.86601
3.37111
1.76273
1.8352
6.11115
1.77035
1.76568
5.42057
4.65796
1.77152
1.79075
5.21369
1.79495
2.10914
3.90294
6.57575
2.1282
2.12293
5.19951
4.79925
2.321
2.11574
5.49142
3.6463
2.12861
3.75047
6.22983
2.12677
1.76887
4.38915
5.15616
1.77918
1.75608
4.70821
1.77606
1.79509
6.36573
5.89817
1.76349
1.76575
6.28585
2.79328
1.75649
4.83792
5.32734
1.80716
1.78475
5.63845
2.46307
1.7826
5.41471
5.98229
1.7923
1.78064
5.61648
1.78743
5.15136
5.36933
5.01323
1.78702
1.77439
4.25275
1.76406
5.29646
5.22079
5.19522
1.74579
1.8672
5.89704
1.76703
6.14485
6.11099
3.58788
2.09732
3.06221
6.52053
2.15324
2.13099
6.09979
5.41576
2.09893
2.28977
5.68756
4.74196
2.10408
3.63411
6.33961
1.79803
1.77079
4.15868
4.1849
2.14734
2.16936
5.74478
2.15823
2.13326
4.45126
2.14212
2.13497
2.90043
5.77376
3.1291
2.09321
5.51975
5.17812
1.76889
1.90324
4.40482
2.78655
2.10996
6.68076
4.52498
2.13051
2.23592
5.83013
3.10243
2.11887
6.25358
3.73973
2.1311
3.58016
6.21074
2.10669
6.17797
5.66297
5.11123
1.77011
1.77831
4.16639
1.76234
1.76663
4.64009
5.49208
1.87158
1.78816
6.35698
4.18363
1.7925
1.82309
5.08188
1.80419
1.77125
5.4322
6.19812
1.75993
1.79183
5.63149
3.79789
1.81831
3.44845
6.37982
2.13027
2.09911
5.77106
5.9944
2.1278
2.1079
6.04569
2.11691
2.14824
6.51296
6.19122
2.13025
2.1073
4.15242
1.77844
1.79176
4.61198
5.29354
5.6407
4.06314
4.20997
1.79706
1.77315
4.37543
5.1635
1.78775
5.58651
6.0448
1.78171
1.78521
4.62475
5.89477
1.82577
1.78549
5.30068
4.34919
2.00352
1.79581
5.29154
1.80779
1.77081
4.84759
5.57315
1.76779
2.1293
4.80903
3.64364
2.12943
5.75508
6.33981
2.10842
2.13406
5.32739
3.81115
2.11908
2.87837
6.18961
2.10151
2.08707
5.42984
4.69443
1.79795
1.84382
4.5921
1.77332
1.76847
5.36196
1.77963
1.76853
3.4312
5.51111
2.74796
1.76107
5.36663
1.79548
1.7691
3.78825
6.29486
2.13412
6.04637
6.24651
2.11532
2.12385
2.17679
5.40976
2.13151
2.13051
6.30755
3.78181
2.14367
2.11962
5.83355
2.1505
2.13099
3.81747
4.72562
2.12215
2.13574
6.61159
3.90944
2.12429
3.83661
6.23059
2.14578
2.11806
6.83107
5.72445
2.33398
2.13091
5.26471
2.12033
2.11183
5.25941
6.15509
2.14224
2.14607
4.70756
2.09312
5.80339
4.98156
5.18692
2.32786
2.09539
5.0553
5.57706
2.12623
5.01181
5.29413
4.52132
2.11201
2.1141
5.12234
2.12185
2.10543
4.92935
5.51015
2.09315
2.13155
6.61733
6.3403
1.82062
1.78277
5.16516
1.95867
1.78796
3.74277
6.39785
2.09816
2.10819
5.68595
4.72979
2.11209
2.22862
6.67696
2.10521
2.13545
5.99551
5.99886
2.13477
2.13753
6.31076
2.10963
2.11241
3.89256
5.63625
2.11572
2.12411
6.03761
2.11076
2.11045
3.87301
5.88237
3.18587
2.11593
6.73661
3.837
2.10673
2.09574
5.72495
2.14234
5.16152
5.79511
5.16697
2.11379
2.11946
6.20249
2.12667
2.12247
5.8979
4.3718
1.77273
1.98332
6.23125
2.15187
2.10288
3.89252
6.23002
2.11028
2.09856
5.29235
2.12653
2.08491
3.98382
6.651
2.10746
2.09755
4.74013
3.58654
2.10439
2.27245
5.65052
1.79223
1.77282
5.90155
4.85693
2.10219
2.08653
4.66325
2.10115
5.23429
5.70048
5.69798
2.13426
2.09934
5.242
5.29722
2.86008
4.82875
5.28446
2.16944
2.11922
6.03239
5.36318
1.81435
5.96938
5.36744
1.78081
1.81788
4.60385
5.6077
2.11144
2.09663
5.08408
2.12295
2.16158
3.91002
5.20011
2.13502
2.10704
6.19768
6.67165
2.1863
2.13529
5.64435
2.12781
2.12677
6.68819
5.45654
2.11069
2.11145
6.42148
4.495
2.35318
3.89822
6.64143
3.11579
2.88337
5.62077
2.10824
2.11464
3.73762
5.69225
2.82742
2.13892
6.88716
5.4707
2.12799
2.09477
6.12055
1.78546
4.61665
6.21388
5.00937
2.16041
2.08382
5.04028
5.175
2.11153
4.76229
5.24439
6.77713
5.91844
5.04213
5.45094
5.47047
6.28691
5.91387
6.27636
6.74947
5.33933
5.84474
6.21395
6.70746
6.6665
5.65091
5.19118
3.74614
3.69721
3.73143
3.37563
