3.82883
3.1997
4.87262
5.15334
4.84209
3.67225
6.29758
6.64405
3.77954
2.08013
5.22601
4.71699
2.11601
3.59272
3.73829
3.9713
2.95538
5.88962
5.98873
4.38929
1.79185
6.41112
5.19501
1.78082
2.02064
5.72866
5.1957
2.31842
4.55405
4.72345
2.12641
5.41512
4.89527
2.19663
3.93144
4.69528
2.91273
2.11958
5.05923
6.4555
2.14936
2.12913
5.23464
5.41232
4.22926
4.32738
5.62623
1.77479
1.76965
4.55747
4.87213
1.77283
2.14656
3.33325
3.70488
4.11847
3.57567
1.76789
3.76298
1.79154
4.33898
3.49237
3.34425
3.37734
6.40736
4.6067
1.79835
4.14205
3.26493
2.15543
6.61938
6.0118
2.11038
2.13487
5.24012
2.14367
2.13813
6.47609
5.73132
2.11817
2.09992
5.48168
2.11942
2.13827
5.2131
5.00833
1.77482
1.86569
5.97561
1.80385
1.86795
4.57283
5.63985
1.78145
1.7968
4.95993
1.79553
1.79875
3.52945
5.14411
1.77991
1.75918
5.08823
1.79005
1.82546
3.09758
6.11797
1.76917
1.82952
5.40933
6.06283
2.12201
3.13361
6.51692
2.11427
2.10113
5.16226
3.40549
2.5775
2.21856
6.22044
2.14727
2.13351
5.62511
5.06311
2.12601
3.43341
4.83538
2.11671
2.09569
5.20895
2.12788
2.33827
2.23336
4.73443
2.16313
2.12039
5.88841
2.12005
2.11181
1.90247
6.04168
1.75784
1.7896
5.1392
1.78192
1.78095
3.3657
4.4592
1.81017
2.12917
5.28375
2.14856
2.11858
3.93586
5.01879
2.34271
2.10192
5.59683
2.10815
2.11471
3.87025
5.86376
6.37929
2.12485
6.23463
1.80838
1.8208
3.4719
5.12337
1.74649
1.78519
3.91284
3.40803
1.78418
1.96587
5.84117
1.77641
1.79329
3.15561
4.75865
1.76491
1.76385
5.00829
3.40218
1.80847
1.77751
5.39324
1.78348
1.75478
2.37673
4.91201
1.80441
1.76473
5.39547
1.77912
1.75648
3.55159
1.7935
1.79601
1.7626
6.24946
2.11126
2.13602
4.93412
5.40421
2.13938
2.09009
5.22152
4.6392
2.10343
4.94288
3.78215
2.12545
2.12077
5.3207
2.13119
2.14862
4.20723
2.13948
2.13143
2.14756
5.24896
2.17814
6.18966
2.14051
5.69334
2.1004
2.1269
6.36078
2.16814
2.13198
1.76182
4.17877
1.79972
1.76419
1.88946
3.35147
1.76071
2.15025
4.83278
2.11028
2.13165
2.10416
5.56274
2.10223
2.1116
3.52474
5.14508
2.07736
2.11638
6.11336
2.12162
2.13928
2.09965
4.3722
1.78402
1.77163
3.40197
5.05692
1.75979
1.80635
4.36336
1.76726
1.76214
3.44116
4.69623
1.76277
1.83055
5.96279
1.78959
2.11014
3.90901
6.61309
2.11247
2.14031
4.93222
2.12979
2.13107
3.82957
5.245
2.1385
2.10977
3.81441
4.58188
2.12494
2.10058
6.56326
2.10363
2.12113
3.50091
5.61217
5.45114
2.10278
5.86412
1.77001
1.76968
2.90581
5.37649
2.13804
1.78023
4.9869
1.7895
1.80664
1.83797
5.62789
1.77288
1.7858
5.53673
4.64255
1.78143
1.76806
5.52882
1.77552
1.80311
1.77535
5.83463
1.76667
1.76411
4.7561
1.81606
1.77132
1.95755
5.90547
1.77371
1.79299
3.43788
4.09853
1.7579
1.77107
4.87151
1.79052
1.80973
3.0616
6.00879
1.76749
1.79368
4.65422
4.34873
1.79891
1.78901
5.895
1.77675
1.77842
3.40103
5.00253
4.37291
1.79189
5.49987
1.76851
1.76436
1.78216
4.73524
5.90891
1.74731
5.19849
1.76954
1.78943
1.75059
5.58864
1.79643
1.78155
4.77095
4.6894
1.97032
1.76774
5.42347
1.77764
4.90508
3.36082
5.01764
1.77035
1.75094
5.16556
1.77811
1.74872
4.13002
4.4874
1.7554
1.76775
6.60454
1.81567
1.75887
2.825
4.2946
1.95988
1.77105
4.21843
1.78711
1.77602
1.974
5.63121
1.7681
1.76138
6.1639
3.35152
1.78764
1.75181
5.84602
1.80973
1.77041
3.6886
4.91421
1.77678
1.74122
5.82614
5.95639
1.75423
1.82756
6.07044
1.81594
1.78152
2.70561
6.11483
5.38952
1.80266
5.87788
1.79623
1.78737
3.35889
5.15522
1.86892
1.77255
5.90178
1.80502
1.79256
1.76735
5.44751
2.17812
1.76849
5.38899
5.26383
2.10015
2.11585
6.62285
2.11843
2.13395
3.73398
6.25263
2.11681
2.14537
6.48121
2.10711
2.15973
3.79937
4.98282
2.10938
2.13181
6.31563
5.20505
2.34756
2.1378
6.24587
2.11703
2.10004
3.97926
4.84771
2.10956
2.12793
6.68744
3.52257
2.11559
2.17673
5.87983
2.13538
2.12363
5.43843
2.12203
2.1389
3.68084
4.95328
2.10602
2.10879
5.30032
6.52212
2.13725
3.68015
5.21326
2.10579
2.12513
5.17428
5.00378
5.9745
2.13746
5.80875
1.80017
1.76521
4.56899
4.36789
1.76869
2.03136
5.21945
1.84085
1.78844
3.65067
6.48753
1.75442
1.80239
4.41307
1.80298
1.81394
3.23593
5.12611
1.77431
1.79243
4.98516
1.78067
1.77825
3.35475
5.52577
1.7791
1.75997
6.06249
6.1848
2.09845
2.15093
5.78018
2.13935
2.10133
6.63063
5.7171
2.14293
2.15606
6.58503
2.12594
2.11007
5.61893
6.22837
2.12574
3.68886
5.17545
2.32283
2.12156
6.28956
6.43871
2.12338
3.41852
5.91937
2.12825
1.81543
5.92139
4.62386
1.78423
1.73704
4.87322
1.78404
1.76498
4.87879
4.90477
4.75289
3.51086
4.66737
1.80548
2.10229
6.5617
3.65181
2.11156
3.70609
4.70551
2.14911
2.11778
6.41334
2.14637
2.1276
3.8334
5.67132
2.10421
2.14709
5.59581
2.15196
2.12216
3.80863
6.66011
2.31551
2.11485
6.68557
5.76405
2.11099
2.12365
5.262
4.58761
1.77111
5.43045
4.88677
1.76992
1.81958
5.46306
1.8186
5.33416
5.38102
4.68368
1.7679
1.85468
4.89294
2.18078
5.40475
5.33069
4.66967
1.76754
1.79192
5.98909
1.76293
1.75393
3.63212
4.93485
2.10621
2.10331
5.20336
2.13115
2.09028
3.83733
6.57584
2.1058
2.09461
6.29752
4.58899
2.09561
2.09609
4.7928
2.14481
1.75731
3.47331
5.82294
1.80238
1.76723
5.98503
6.05032
1.7853
1.86985
5.45337
1.77393
1.75719
6.09327
3.38484
4.69307
4.35395
6.3634
1.99884
1.75773
6.0241
1.78763
1.77253
2.57577
4.62285
1.76594
1.76383
6.39785
5.35436
1.8174
1.78241
5.79828
3.3346
1.75246
3.29622
6.03361
1.79013
1.75665
5.53302
4.83386
2.00752
1.78202
4.71494
2.12973
2.16681
6.23501
4.90476
2.18388
2.08923
6.59966
2.10936
2.11592
5.69214
5.73941
2.18058
2.12988
5.81728
3.66013
2.10071
3.50842
6.41353
6.95184
2.10287
4.79547
5.99732
2.12945
2.09546
5.76781
2.11983
5.84357
5.6018
5.14583
2.12029
2.21846
6.76141
2.09359
5.74676
5.10182
6.14232
2.10464
1.78298
5.6108
3.63982
2.11201
4.75085
6.68207
2.10914
2.08648
4.61538
5.04134
2.14128
2.10632
5.26893
2.16918
2.13025
3.48028
4.85672
2.11756
2.10662
4.45604
5.15085
2.11483
2.08736
4.45127
4.95861
2.11532
2.09541
5.3912
1.78238
1.79096
2.87771
4.58775
1.77466
1.76872
3.49088
5.42046
1.7934
1.77626
6.38262
4.598
1.85074
1.7732
4.38446
1.79972
1.76123
6.21973
5.69625
2.10814
2.11166
6.12746
2.11431
5.46229
5.44999
5.71734
2.12173
2.09565
5.73504
4.64363
2.12279
3.16377
6.15614
2.10864
1.78091
6.16622
3.2956
1.76684
1.88108
5.95662
1.76498
1.76918
5.35167
4.27184
1.81704
1.77155
5.42912
1.7853
1.81023
3.38846
4.71493
1.76156
1.80608
5.63368
1.81077
1.78122
3.6262
5.45544
1.80983
1.79755
6.45548
1.80309
1.81793
5.50204
4.28632
1.77663
1.77275
4.43824
1.79552
5.6573
5.81957
6.10965
1.78028
1.77066
4.59874
1.7769
1.75024
4.82367
5.56572
1.7479
1.75761
6.45853
3.31959
1.77127
1.79764
4.35427
1.78502
1.76071
4.97217
4.39801
1.76764
1.77961
4.83462
1.82048
1.7494
3.52133
4.35682
1.7829
1.77175
5.73644
4.60435
1.77656
2.02504
4.31846
1.77453
1.76076
6.10825
4.55685
1.76263
4.65536
4.28295
1.77832
1.75634
4.992
1.76821
4.85742
5.43709
4.74852
1.82847
1.76406
6.37369
1.76941
4.86664
4.96214
4.83105
1.76058
1.83665
5.37975
1.80214
4.91473
6.01009
5.43222
1.76834
1.77072
5.34562
3.69355
2.10454
6.21621
6.39218
2.19516
2.09901
5.68688
2.09805
2.10458
3.89972
5.9217
2.09203
2.10551
6.4741
3.78708
2.11261
3.36932
5.36974
1.78351
1.76997
4.95998
1.7836
1.77114
3.96695
4.5524
1.80011
1.76322
4.67754
1.78365
1.95728
3.26856
6.34226
4.83498
1.79151
6.14614
1.78924
1.78918
3.4929
5.89304
1.75247
4.32187
5.73114
1.81919
1.77653
3.40007
5.67945
1.79422
1.77963
4.43778
1.77623
1.95551
2.11241
4.89503
2.1301
2.14338
5.71739
6.6748
2.15082
2.10222
5.21808
2.10064
2.09939
3.66961
4.8614
2.12083
2.11658
5.73448
5.49187
1.76839
1.7626
4.33219
1.7644
1.97919
3.30851
5.31311
1.77581
1.76271
6.11784
1.76453
1.77697
5.63904
6.76551
1.81355
1.75641
4.8164
2.12746
6.35779
6.31738
5.0925
2.16118
2.11729
6.74392
2.13041
2.31855
5.49449
6.94129
2.18987
2.10679
4.95515
2.11812
2.1277
3.54245
6.53785
2.12473
2.12848
5.09048
3.39018
1.79186
1.76113
4.8702
1.7693
1.79257
3.23881
5.44321
1.78192
1.98511
4.35972
1.78381
1.7777
6.10531
3.42316
1.78625
1.76203
5.3703
1.76886
4.07933
5.44838
3.73189
2.11651
2.2585
5.60321
2.1511
2.12587
6.46989
5.23774
2.15593
2.10105
5.03723
2.11154
2.11655
3.71199
4.96498
2.12593
2.13705
5.97336
3.65806
2.14761
2.94343
5.93699
2.10665
2.11255
6.30423
6.25546
2.12152
1.76078
5.34799
1.81716
1.77666
6.32599
4.38189
1.80986
2.1122
6.03108
1.80219
2.13196
3.85959
4.70263
2.12434
2.12747
5.90562
3.78738
2.10583
4.17012
6.19509
2.12675
2.10437
6.52372
3.68268
5.85941
5.24292
4.59959
1.76685
1.75451
6.30708
4.91598
1.77473
6.16636
5.19677
1.79737
1.80877
5.28297
3.23295
1.78076
2.43069
4.34939
1.79308
1.7834
4.37506
3.6662
1.79708
1.88049
6.17447
1.81302
1.74923
5.69734
6.14663
2.13188
2.1156
5.72645
2.12773
2.12716
4.93964
4.45661
2.09957
2.10713
6.00627
3.63282
5.96668
5.50105
6.48838
1.80321
1.7756
5.89895
3.32549
6.00521
5.33257
6.50371
1.78682
1.77933
5.88103
1.80065
5.39579
6.6474
1.7858
1.80233
2.32913
5.79801
1.76878
4.94653
4.84022
3.14924
1.78826
3.23939
4.72316
2.1201
2.09589
6.75992
2.13882
2.1367
3.58689
4.46611
2.11262
2.08125
5.38198
4.54575
2.10344
2.18914
5.39023
2.12009
2.10676
5.17317
4.4954
2.3644
2.86819
5.52593
2.11287
2.10691
5.05204
5.01578
1.80968
1.75176
6.36993
3.37612
1.76192
1.83238
5.46204
1.76455
1.81273
5.4711
3.40985
1.78298
1.85741
5.18118
2.33507
2.15118
5.82052
2.09911
2.1405
3.68121
6.49748
2.12753
5.71181
4.92318
5.35718
2.12637
2.17691
4.81444
2.13558
1.78527
5.98396
4.59496
1.79432
1.76258
6.25502
1.7614
1.76939
3.72064
4.8972
1.81198
1.77919
4.69801
1.76871
1.74236
3.5858
4.92999
1.80648
1.7824
5.84288
3.32115
1.80174
1.91295
5.42525
6.38818
2.13128
6.19723
2.34685
2.11391
3.79392
6.59084
2.10412
6.18929
4.63841
2.13215
2.0889
3.58656
4.97602
2.11201
5.94305
6.69835
1.80684
1.769
3.53992
6.07317
1.76939
1.80899
4.93718
2.01477
1.79545
3.62733
5.46186
1.76499
1.76979
4.835
1.82785
1.75949
3.61211
4.49872
1.76025
1.75866
4.05296
1.77447
1.76155
6.22755
4.79647
1.76493
1.77468
4.93425
1.76914
6.57709
6.60093
3.265
2.51974
1.79119
5.20588
1.78273
1.79097
5.67473
4.25624
1.75188
1.76097
4.74149
1.7954
1.76312
3.55447
5.18416
1.75876
1.83504
5.57089
1.78916
1.97434
3.15517
6.18521
1.77602
1.80654
4.32524
4.98487
1.79094
1.80824
4.95701
1.77796
1.7821
5.5114
1.94555
1.77361
3.48147
4.36193
1.78278
3.74319
5.07391
3.38895
1.78752
1.84187
6.26424
1.76226
1.76403
5.88614
4.02591
2.57685
1.77025
5.87759
1.80049
1.7897
4.395
5.12143
1.79794
1.77057
6.39041
1.79449
1.80157
3.04322
4.22255
1.80396
1.77946
4.97543
1.80233
1.76604
1.89994
5.5074
1.79633
1.75582
5.69473
6.13326
1.7889
1.82315
4.91004
2.13241
1.76971
5.99923
3.46578
1.79849
3.39135
5.08967
1.81024
4.53447
5.89363
3.43394
1.76823
3.53313
4.70335
1.77385
1.7667
5.42404
4.59649
1.82759
1.77603
4.48186
1.82992
1.75381
5.7913
5.3989
1.77345
1.75892
4.58675
1.77448
1.96963
3.85652
5.08951
2.13099
2.1112
6.84825
5.07134
2.1353
2.13965
6.63027
2.14061
2.12988
5.13567
6.42057
2.10583
2.10032
6.36627
1.78096
1.76742
4.60177
4.22586
2.25798
2.1146
6.60702
2.11657
6.24195
6.50048
2.14185
2.12931
6.61255
5.56816
2.11948
2.13271
6.40258
2.10805
2.13962
5.7084
6.5514
1.77056
1.77809
5.48206
5.27951
2.10679
6.80645
4.89068
2.12346
2.11132
5.50249
5.40424
2.12017
3.60974
6.28193
2.10451
2.13405
6.66004
2.11726
4.93217
6.39894
7.15747
6.25928
5.04029
4.832
4.82914
5.07147
5.02123
5.22346
6.01547
5.74688
5.33909
5.72249
4.73334
6.40872
6.13861
4.56401
5.33228
4.84036
3.98663
6.65821
4.72839
5.11168
4.58299
3.75594
3.7551
3.76482
2.88148
