3.97369
2.70785
3.97107
4.7748
4.68515
3.76652
3.57285
6.23032
3.89321
3.72742
3.59412
2.04932
3.59571
3.74012
2.07884
2.04602
4.83956
4.06471
4.69938
3.56132
4.22237
4.99529
3.87154
4.23908
4.92457
4.54391
3.12817
2.05467
2.038
2.07984
2.05446
2.07672
4.3567
2.04758
2.08799
2.05002
5.36438
2.06441
5.17676
3.58456
3.77729
4.58786
5.68325
4.75027
2.07197
3.74427
3.74828
3.64511
5.08318
4.06166
3.2567
2.75803
4.26392
2.04561
3.5692
1.72263
2.96079
3.7364
1.73027
1.74154
4.14509
1.73712
6.8174
4.81106
3.71328
3.78787
3.78332
5.16999
5.24472
3.88833
4.76599
5.55036
2.0553
3.68276
6.28298
2.07624
2.07061
3.89775
3.31464
3.44739
3.20038
3.11665
3.11294
1.72112
2.13307
1.74789
3.24075
5.25518
3.16645
4.95206
1.73434
3.05557
3.17303
3.37803
3.34568
3.34613
1.75563
3.38436
3.00209
3.34943
3.50349
1.70388
4.82859
1.75946
2.68614
3.46887
2.9237
1.72358
3.4422
1.78024
3.92769
1.72491
4.54153
4.0239
5.14528
3.11421
6.03861
3.25386
3.32499
3.24381
1.7354
3.32942
3.36698
1.75104
3.55929
3.64987
2.07449
2.08814
2.0473
3.7208
3.96423
2.26383
2.0704
2.0448
3.9786
3.65413
4.87634
5.63669
3.60362
5.19995
2.08439
3.55627
3.25424
2.14529
3.80329
2.05903
2.06627
2.24019
3.27776
3.56279
3.39208
2.04473
2.21066
4.23889
3.81953
3.75135
3.74794
2.04919
3.16863
1.73083
1.77117
3.33767
6.16753
3.75357
4.91842
1.7439
4.72
4.52586
5.4466
3.49489
4.83421
3.45881
1.74299
3.39638
3.59326
3.54982
4.68822
1.74526
6.11933
2.65005
4.69615
4.16089
1.74146
2.61327
5.89952
1.73549
5.1293
3.28515
1.71192
3.15418
1.73713
2.92772
3.4103
4.85529
3.50718
3.15117
1.93159
1.7584
5.16428
3.20922
3.7228
1.71984
3.35819
1.76394
3.23897
5.42464
1.72572
4.38044
1.75643
3.25956
1.74553
3.75841
3.2999
1.73314
1.7152
2.77356
3.31991
3.22915
4.70955
1.78599
3.85696
3.21507
6.09681
4.80096
3.36372
3.00824
3.18135
4.0978
4.32806
3.02815
1.71916
3.43027
1.7295
3.40507
1.71764
1.70338
4.74074
1.7601
2.548
3.64134
3.90218
2.08881
3.64699
3.16721
5.7803
3.42233
5.34879
2.12443
3.69556
2.0736
2.06871
3.46371
5.85551
3.80499
4.77074
2.08535
1.77741
4.09162
3.54422
1.73955
1.76458
3.54425
3.33513
1.7035
1.73255
5.32949
3.48363
1.73513
1.75551
3.18984
3.37398
3.41581
1.7568
4.13482
4.16956
3.75197
1.72977
3.364
3.30745
1.7166
3.08407
2.00397
1.72745
3.45985
3.35115
3.1946
3.42827
3.52372
1.75521
4.9685
4.95177
4.88111
2.89674
3.38358
3.44344
1.71559
5.83458
4.4332
4.80088
2.08548
1.73609
1.74964
3.18483
1.71494
1.71404
3.4358
4.12653
3.2957
3.25194
3.05954
4.6851
1.74691
1.7402
3.32333
1.72315
3.39582
3.06201
4.75616
4.50716
5.18881
3.44556
3.3401
5.22591
6.03244
5.0919
4.21615
3.72992
3.68225
2.07988
4.07342
5.17616
3.64957
4.8387
4.87594
3.65958
3.55867
3.66731
4.92587
5.05986
3.73642
3.70938
3.6818
4.66952
4.71641
2.05239
3.45599
2.08293
3.94795
2.05633
2.05124
2.08581
2.05769
2.04738
3.69254
3.1985
2.07334
5.06475
2.04728
4.73115
2.07728
2.11048
3.77501
3.74499
2.19378
5.4327
5.96278
3.33618
2.05957
3.47686
2.0989
5.10109
3.72555
3.44811
3.70513
2.08778
3.44244
3.45975
2.04978
3.49746
2.38137
3.67735
4.91019
4.7633
3.01954
2.04446
3.65154
1.73668
3.39927
1.7203
1.75173
3.16928
1.73451
5.22177
5.58221
3.70392
6.21846
2.06094
3.27381
3.89222
5.11192
3.83907
5.1249
2.08794
3.78565
2.35349
3.70957
5.26906
3.73325
5.47246
2.06604
3.79129
2.0407
4.2192
3.62709
3.18042
5.17346
4.81547
5.45903
3.90988
4.34447
3.94884
2.15511
2.11592
3.72019
4.96287
2.06381
4.95258
3.32791
2.04486
3.23488
2.05949
3.71062
2.06427
3.88108
3.25848
2.04571
3.61358
3.74393
3.98566
3.77781
3.94352
2.10273
2.07829
2.0792
3.55759
2.79489
3.73904
2.03195
3.93558
3.65822
3.47146
5.34914
4.7712
3.2625
2.05325
4.19401
2.25274
3.58723
1.72517
1.72011
4.24557
3.40693
3.35224
3.33489
3.31445
3.79312
2.13331
3.60043
4.90607
2.97685
3.76785
3.41969
3.65773
3.56972
2.38484
4.37733
5.36017
3.30954
2.25481
4.19965
5.25691
3.26591
4.84771
3.39998
4.40007
5.18306
1.74032
4.7435
6.31436
3.62797
3.72651
2.07251
2.08448
2.05532
3.50581
3.42375
3.69848
3.75526
3.53505
2.06776
2.27939
3.63775
3.54371
3.50043
3.47329
1.75236
1.72827
5.02879
2.98472
4.63223
3.48507
5.46159
3.71186
5.36131
3.73682
2.06824
2.06062
5.05446
5.40696
3.58156
5.57736
5.18203
3.72389
3.70265
4.88793
4.31848
3.66761
5.5333
2.05529
2.0501
3.12853
4.4852
3.52034
2.03987
3.72872
3.84741
3.99434
3.81997
5.31835
3.7812
3.80503
2.05962
3.6645
2.31066
2.0631
4.89101
2.86421
2.08312
4.75888
2.04156
4.53378
2.05177
2.08632
2.07234
4.05166
3.73563
5.3914
2.07894
3.67423
4.54543
2.16224
2.09183
3.34195
5.11052
2.28676
2.79619
2.07217
4.63907
3.78989
3.81583
2.06346
2.08518
3.71868
5.10069
4.12663
4.23805
2.04987
3.6672
3.19727
3.85542
2.08296
2.07124
4.04853
4.17265
3.82468
3.6506
2.08526
2.05769
5.21179
3.51871
5.34406
3.74279
3.74469
3.68978
3.67414
3.65483
3.3113
2.15117
3.56372
2.06155
2.10876
5.23672
1.7377
2.07803
2.08995
5.49025
5.72017
2.05689
2.05116
2.03767
2.173
5.25283
4.04375
4.30062
5.33493
2.07272
3.69565
3.22192
5.05568
3.75835
5.28693
2.10317
3.6818
2.08383
2.07774
3.77626
2.08485
4.69768
3.85397
3.8011
2.11782
3.37289
3.51875
2.99645
2.05357
3.61549
4.03385
3.76556
3.68566
3.7425
3.25833
3.69147
3.31651
4.88043
3.63538
6.39202
3.11986
5.3452
5.30547
5.11627
5.55566
3.95906
2.94191
2.08118
3.73187
3.65001
4.8289
2.04762
6.1535
4.65775
4.87757
2.07778
3.41235
5.49512
5.71927
3.7292
5.06753
3.71677
3.74286
2.08133
3.77493
3.46918
4.2595
2.3006
3.57198
3.40871
5.13422
2.06392
5.05451
5.36143
3.69704
2.07426
2.07821
3.69802
5.47994
5.42947
2.08293
2.05074
3.4907
2.09345
3.71688
3.35306
3.3449
3.44664
3.84862
1.75092
3.31203
3.62978
2.36519
3.74967
2.06905
3.63486
3.79781
2.12402
3.79744
3.58757
3.94859
3.80716
2.05145
4.77112
3.81042
4.43243
2.07706
4.52723
3.63852
1.7456
3.33584
4.97105
3.70048
3.46786
3.29231
4.20168
3.19108
2.09753
3.59228
5.19734
5.05733
5.11457
4.07675
2.07727
3.80165
2.10927
3.61196
2.04977
2.11801
3.21615
4.01368
2.2583
2.07121
3.34501
2.04338
3.76839
3.72324
5.3069
3.78878
5.3137
3.55486
3.23071
2.05434
3.14184
2.06282
4.79179
2.05101
5.29656
2.88926
5.10952
3.8063
3.89116
2.08875
2.26863
5.45141
2.09403
3.29251
3.31123
5.38322
3.75325
4.66359
3.67939
5.17377
3.83954
3.81847
3.78293
5.25347
2.0605
3.4458
2.25784
2.90412
2.08203
2.06642
3.65274
4.95361
3.97347
3.29819
2.97544
2.54716
3.27426
2.85269
3.30908
1.71525
3.41338
4.87711
3.46103
3.33754
3.40353
4.15718
4.78879
4.03271
1.74137
3.29852
3.28906
1.74973
3.46699
3.55579
3.42283
4.29919
3.31762
3.40569
3.39964
3.35524
3.35803
5.60684
3.4196
2.72179
1.73519
1.73699
3.39699
1.74612
1.73237
5.17584
4.88271
4.39947
4.99773
1.72721
3.55541
3.0076
1.83497
1.7219
1.71657
4.62304
1.77231
3.31824
3.51162
2.08921
3.51774
4.57312
2.04764
2.08602
2.03351
4.46236
3.57966
3.86011
3.74835
3.98216
5.04148
2.09068
4.15801
5.25034
3.68215
3.57696
1.74307
1.71359
4.81487
3.49235
1.72924
3.51785
1.75666
1.71211
3.21177
3.20434
3.51046
1.73046
4.52326
3.4174
3.31138
3.69051
4.59589
1.94286
3.13878
2.06145
2.91053
2.02772
3.2615
2.07798
3.73436
2.3573
5.10885
2.05408
2.07736
2.18026
2.16928
2.12698
2.08214
2.07851
3.26809
5.65046
3.16935
4.2477
3.4087
3.63541
1.72276
3.26751
3.15383
3.68601
3.3626
5.18723
3.55669
3.6357
4.75172
2.18701
2.04841
2.13816
2.36044
3.64452
3.83316
4.06939
5.49873
3.66722
5.27029
3.11435
2.04673
3.71863
3.68952
5.03095
4.96825
4.88233
3.40292
3.4063
1.74096
1.79269
3.14251
2.70188
2.80901
5.12558
3.38736
1.7228
4.2811
1.7489
3.39154
2.14109
5.05068
2.19281
4.37658
3.5015
3.71004
4.96848
4.92324
3.5372
3.67327
3.61867
4.65584
2.06398
3.7112
3.44481
3.73704
3.37595
6.7072
5.21041
3.75188
3.74775
3.46805
2.34285
2.66486
4.30012
2.08139
6.15909
3.88135
3.74831
3.65902
2.05721
3.8857
4.59906
3.68811
2.08829
2.08921
2.11805
2.04842
2.11651
3.133
3.84358
3.8945
4.65108
2.11539
3.58527
2.0727
4.75433
5.29679
2.0522
4.69994
5.25025
5.12126
5.36208
3.50413
3.80309
2.0786
3.27247
2.07302
3.70862
3.55063
6.75707
5.4423
2.358
3.27222
3.32749
4.25258
5.13409
3.38104
2.8163
4.94339
1.72009
2.74332
2.05918
2.04862
2.11945
3.41025
2.06692
3.57656
3.95406
4.49487
3.77215
2.07588
2.1211
3.44725
3.31731
2.04583
3.70377
2.3282
3.71726
2.04698
2.08824
3.69879
3.81174
4.32948
6.24012
5.2265
6.45652
3.70984
5.61808
3.69305
2.09259
2.07358
3.33897
2.06899
3.58579
3.6308
5.06409
5.14282
5.23619
2.08058
2.76317
2.06021
3.66014
5.81502
3.66908
2.06522
5.01808
3.79855
3.45185
2.07079
3.52132
3.83567
5.74479
3.78462
4.34426
2.06149
3.58586
2.06478
5.31025
5.03494
4.01608
4.80114
2.11317
2.9973
2.37837
2.08812
2.11187
4.94365
5.53171
2.07088
2.18545
3.75496
3.95864
3.69332
2.09926
2.06696
2.05916
2.07645
4.64716
2.23453
4.73945
2.08843
3.66035
6.51016
5.19909
2.92766
1.77053
4.79994
1.78938
1.72256
2.35368
3.25823
3.85246
3.86452
3.53638
2.0792
3.15935
5.33098
5.01464
3.73086
3.71309
4.19775
5.51601
3.77928
3.81256
4.14639
4.57397
2.10448
4.85378
3.22859
3.42417
4.45773
3.91922
3.3765
1.74848
4.17917
3.45336
3.7907
3.4907
3.46425
5.2549
3.6819
3.47691
4.92905
2.06619
2.27321
3.78772
2.15946
2.0531
4.61537
5.3294
3.43452
3.67114
3.07442
3.12221
1.75346
1.72
3.32551
2.06115
4.53375
4.11535
3.68216
5.40506
3.68029
3.79962
5.18953
4.78978
3.82693
2.07522
2.08108
4.97987
5.07299
2.05628
2.06701
5.87731
3.01559
2.06178
2.05235
3.89657
3.70649
2.06535
3.78963
6.57428
4.21862
4.94777
5.32844
4.80066
2.0853
3.73808
3.49391
4.56973
5.0224
3.83152
5.12135
3.6706
5.02033
3.47971
3.71929
3.04845
1.72476
1.73672
3.30727
1.72688
1.72826
4.64235
2.05144
2.07666
4.96172
5.18465
3.99091
3.90494
3.60723
5.3302
3.9522
3.80682
2.08765
2.05548
3.12022
2.03975
4.6388
3.45466
1.71536
1.71724
1.75376
4.75994
5.22285
3.42091
3.39486
4.11632
2.12267
2.10625
3.58124
6.73833
5.29092
5.27316
4.40374
3.67881
3.62357
5.28238
2.06384
2.07231
3.74962
2.07027
5.05331
3.394
3.3471
1.74006
1.7456
3.42101
3.37363
3.42329
2.082
3.81093
2.04947
5.8526
4.3007
4.95002
3.75048
2.07925
2.06029
5.13632
4.84044
3.12402
2.13982
2.09405
4.58496
2.0555
3.11486
3.44645
4.95824
3.21299
4.78726
1.79356
1.73445
2.10543
3.95672
2.08904
3.70812
3.66923
3.54916
3.72632
5.43898
3.10176
3.57744
2.04263
5.77817
3.70948
3.52703
4.61312
2.13277
2.05263
2.13529
3.8287
4.5648
5.065
5.31059
5.18982
4.5853
3.70345
2.05135
6.73946
4.51618
3.64776
4.48074
4.69027
3.28718
3.28917
5.18739
3.67281
3.69908
2.08749
2.12735
2.0677
1.74771
3.38146
3.38126
3.4162
3.28392
4.28055
5.53509
2.07038
2.06165
3.63477
5.22407
5.13984
5.06825
5.0227
4.73957
5.71069
3.28463
3.72576
2.1059
2.05215
2.04643
3.60518
3.56234
1.73021
1.9238
1.70651
4.73214
3.37568
3.35953
1.77267
3.73509
5.39655
2.08691
2.05958
2.08863
3.65433
3.77878
3.5634
3.69707
4.63722
2.08963
2.04748
3.6415
3.0438
2.07459
3.90155
2.27851
1.75083
3.61631
3.62042
4.72734
4.98427
2.06631
2.05022
3.87697
2.0685
3.66542
3.78609
4.31839
3.79088
3.83854
3.5999
2.0816
3.60931
2.06828
2.04537
3.63023
3.65097
5.4954
2.07545
2.87305
2.79052
1.71959
1.75911
3.89055
1.73149
1.74937
4.68988
1.71064
3.12878
4.52012
3.5239
4.85571
1.74398
2.98788
3.12934
3.46213
1.86383
3.22019
2.88412
1.75356
3.45304
4.26246
4.7675
1.7446
3.26153
5.10936
4.53009
5.0293
3.42229
3.68762
2.11508
2.05199
2.07239
4.85853
3.41046
3.2327
2.10717
3.77284
2.06478
5.31678
3.98727
5.10691
3.58262
3.40303
3.99557
4.87999
3.35206
1.77885
1.72914
5.21457
1.78364
1.75262
1.77374
1.74302
1.76371
3.36331
4.39647
3.8522
3.51365
4.00668
3.29939
1.73549
2.92519
3.54384
1.7624
2.04262
1.72694
3.24091
3.82507
3.34078
3.91288
2.06589
3.08361
4.20519
3.65232
3.60967
3.59981
3.73887
3.60485
3.45951
2.06034
3.86784
4.07366
1.80933
1.73698
