4.1305
4.16711
4.22546
5.26538
4.74854
6.08257
5.25422
6.0054
6.4491
5.32357
4.72083
4.73166
5.03233
6.57275
5.9254
6.61828
4.75548
5.41669
5.3133
6.3671
4.72455
5.79168
5.70667
4.58576
4.73247
4.65661
5.85593
5.71517
4.93069
6.66061
5.56606
6.12316
6.18671
4.28612
5.20309
4.57607
5.75849
6.45847
4.63705
4.86192
4.88852
5.36768
4.65113
5.59445
5.53252
4.95736
5.79621
5.19068
5.48177
6.28201
5.35191
5.35277
5.06222
5.24548
5.88563
4.40399
5.53388
4.6405
6.17077
5.67085
4.45483
6.43626
5.42343
4.88326
6.14846
5.36126
6.34055
5.78673
6.36372
5.66093
4.61122
5.66216
5.36977
6.38417
5.98905
4.62589
4.64925
4.4439
6.00395
4.34613
6.22276
4.32702
5.48269
5.37826
4.59024
6.26249
5.25856
4.83653
5.14499
5.65824
4.67772
5.71683
5.9466
4.99442
6.65552
5.76624
5.06684
6.16472
5.20917
5.37154
6.63749
5.22713
4.87163
5.59447
5.89955
6.24376
5.40743
6.27395
4.71479
5.35209
5.0716
5.86066
4.68806
6.4779
4.62187
6.30711
5.00454
4.14099
6.38599
5.16584
5.04766
5.44364
4.41228
6.27586
5.56377
5.60531
4.84408
5.77412
6.73002
5.55367
4.7564
5.76249
5.31542
5.76529
5.95007
5.69055
5.82285
5.60327
4.98254
4.65515
5.22049
6.18862
5.38148
6.61733
4.09356
5.55455
4.70458
5.62749
5.20577
6.21847
5.59369
4.90028
4.59902
6.33235
5.79743
5.55386
6.34212
4.19565
5.00634
4.76256
5.16586
5.88126
6.50983
5.33762
6.26816
4.64037
6.66253
4.76896
6.06148
5.18609
5.43007
6.61294
5.66353
5.11782
6.68356
5.55975
5.98551
5.93632
5.90915
6.48867
5.89301
6.2836
6.34295
4.27362
5.37927
5.23656
5.29644
6.19405
5.95066
5.48255
6.45265
5.80191
6.32811
5.70486
4.08778
6.38039
4.49492
5.4118
4.84542
6.32809
4.78322
5.09538
6.73999
4.74025
6.14866
5.04477
4.99043
6.3051
6.2584
6.03593
5.62888
5.85867
4.86488
6.45021
4.66608
6.0782
5.92357
5.45096
5.12617
6.0642
5.84283
4.95503
4.95977
5.55983
6.33247
6.06244
5.89
4.83511
5.74758
5.08246
5.09278
5.33906
4.87968
4.7199
5.28715
7.15519
5.75591
4.84138
5.89096
5.25973
6.35576
5.86534
4.72948
5.66987
6.10859
4.68539
6.36422
5.20906
4.72013
6.22665
5.4485
5.42744
4.88932
6.31054
6.20975
5.0608
5.78844
4.18487
4.10986
5.1404
5.33752
5.09585
5.97338
5.39901
5.97064
5.82393
4.51135
5.45951
4.52133
5.39814
5.07544
6.40612
6.17391
5.54263
5.10511
6.37552
5.4762
6.3582
5.19732
5.03971
6.02053
4.78196
5.0537
5.32286
4.32315
4.8981
5.21415
5.34611
5.10569
4.8132
6.70159
4.3949
5.4008
5.76156
5.04659
6.27181
5.10017
4.5047
5.77449
6.22032
6.30151
5.12048
4.53728
6.07301
4.98259
5.63873
5.92873
4.69038
4.24658
6.84502
4.06231
4.81135
4.75383
4.45397
6.36167
5.06486
4.25934
6.19047
5.33379
5.16218
6.27663
4.95619
5.69487
4.62787
5.37195
6.37742
6.47678
6.6238
5.01032
6.22345
4.6399
6.18278
5.40293
6.07021
5.16152
5.73164
5.57424
5.1738
6.57741
7.01478
5.75
6.66879
6.25173
6.31116
5.44607
5.70494
5.45573
5.38991
6.22499
5.69728
4.89316
5.03863
5.57468
4.8854
6.01663
4.66246
5.31438
4.72442
4.31698
5.839
5.62498
6.40219
5.457
6.5827
6.47291
4.44872
5.58683
5.47773
5.38222
6.01656
4.76453
6.46089
5.52927
4.03683
5.66406
4.35495
4.97227
6.19349
5.46891
6.29259
4.91754
5.38124
5.68923
4.21888
5.36097
5.33104
5.37876
5.14018
6.9469
4.35357
5.89308
5.70803
5.42189
6.42803
5.67
6.74978
5.93274
4.90999
6.26766
6.22472
6.36012
6.39542
5.67822
6.05863
4.64356
6.22983
4.83366
6.20867
6.23853
6.50757
4.69186
5.77995
5.36937
5.21697
4.91449
4.69553
6.26095
5.66515
6.36919
5.32147
5.2874
4.89391
4.93455
6.88291
5.19311
5.72568
5.73975
5.74945
6.24157
4.71471
5.57955
6.89809
4.66372
6.44538
5.97958
4.49334
6.25235
4.98971
6.04428
6.43056
4.9831
5.84324
5.31314
6.30849
5.16532
4.24683
6.45276
4.73177
5.56483
5.48145
5.43073
5.84498
6.06971
4.37765
6.33816
4.80543
5.39624
4.72648
4.36186
6.0224
5.32172
6.21716
6.27095
5.87703
5.66886
6.22602
5.74976
6.83608
5.25664
5.80056
4.598
5.77251
6.00615
6.01204
5.12998
6.69795
6.16797
5.87931
5.23193
4.62975
6.45967
5.70358
5.95659
6.60023
5.2023
4.60927
5.49045
4.43258
6.33518
4.66743
4.40874
6.03763
5.57956
5.56152
5.53384
5.29785
6.01687
5.4777
6.10668
5.77901
5.69312
4.69377
4.68991
4.61789
4.70315
4.55642
6.36065
5.67665
4.75573
5.01333
4.72706
5.43862
5.05844
6.31115
4.72309
6.13819
4.41919
6.2132
4.92384
6.06006
5.30332
5.71125
6.42536
4.85774
5.70041
4.61796
4.62295
6.15974
6.5044
4.29399
5.18629
4.3115
5.26157
5.39578
5.77246
5.85968
5.60229
5.2848
6.37443
5.2014
4.35209
5.79207
4.97286
5.91505
5.31132
4.25948
4.65652
4.54259
5.11825
6.1223
5.14766
6.38348
5.31604
5.72845
6.02465
4.73636
5.25182
5.95708
3.82824
5.83189
4.32078
4.49793
5.81796
5.3528
5.65197
6.14059
4.59879
5.50798
4.5073
5.51191
5.77526
5.46478
6.35706
5.90778
4.90782
6.02861
5.95048
5.10347
6.51624
4.69035
6.21147
5.51927
6.38342
5.48986
5.82217
5.4691
6.05922
6.2108
6.43492
6.05781
5.52389
4.66503
4.77645
5.34053
5.171
4.40323
5.80363
4.92731
5.78495
5.33052
4.84977
6.0095
5.64417
4.65131
4.65112
5.11288
5.84186
4.90176
5.06151
6.36813
5.15309
4.85591
6.0742
5.76604
5.86159
4.88387
5.42045
6.35553
5.89174
4.88763
4.63867
5.04173
6.27042
5.70391
5.84099
5.5153
4.48693
6.30448
5.39387
4.44935
6.1313
4.90907
4.97762
4.58134
5.34993
5.80265
4.24261
4.37179
5.38396
4.70441
5.76385
4.59912
5.09553
4.57727
4.62722
5.76015
5.60708
5.78827
6.21293
4.62243
6.51295
4.91395
5.9299
5.54009
4.86338
6.20878
5.5187
5.00892
5.8616
5.04778
4.45467
5.40241
5.40765
6.65999
4.93523
4.68355
4.68952
4.81756
4.64128
5.15554
5.74938
6.32948
6.68076
5.28182
5.95597
4.61921
4.95936
5.6907
5.41999
6.33003
5.34128
6.39068
5.17477
4.37764
4.53687
6.34071
4.35692
6.34783
5.72824
3.93513
5.31534
5.79172
5.87032
6.20719
5.28274
5.88515
4.99625
4.43592
5.887
4.31841
5.96132
5.44511
5.68788
5.25602
5.02799
5.6543
5.74091
6.61488
6.53063
6.80277
4.55647
4.61159
6.15742
5.75357
5.43052
6.28893
5.05833
5.19062
5.111
5.06096
5.32347
5.47389
5.0632
6.20389
4.84412
5.88307
5.33807
5.34753
5.84494
5.36649
4.6285
6.49284
4.29699
6.21698
6.34624
5.39458
5.24602
5.08743
6.25944
5.0646
5.81249
4.63436
4.66006
5.78198
5.77737
5.81219
5.05719
4.44695
5.67387
5.61448
4.41329
5.9109
4.99292
6.61748
5.84472
6.147
6.1683
5.15459
6.05765
6.0203
5.41061
6.43943
6.59813
5.243
5.67466
5.73937
6.28366
5.64541
5.82786
5.26782
5.38189
5.86047
6.33231
5.90383
4.38422
5.86453
5.27803
6.23599
5.26681
4.33266
6.27373
4.92021
4.96818
5.85412
4.6599
5.62013
6.83674
6.86147
4.64519
5.42588
6.44196
4.11036
5.26548
5.10731
5.68759
6.26023
4.72663
6.54852
5.79617
5.6608
5.68028
6.34972
4.99125
5.80051
4.71478
5.71103
4.82906
5.5573
6.14159
5.75393
5.98339
5.03535
6.11164
5.24477
5.24672
5.24698
5.90629
6.52815
5.85781
6.25278
4.97189
5.82668
5.71497
5.67247
6.31332
6.38503
6.66206
5.81793
6.01329
5.02338
6.26663
6.67667
4.51751
5.5578
6.13586
6.70896
5.68574
5.58259
5.55692
4.88744
6.77034
4.62687
5.08347
5.77715
5.69501
4.671
5.02488
6.15902
4.44574
4.2113
5.20598
5.9063
6.2979
5.53445
5.63678
5.18891
5.71933
5.21263
5.61538
6.66438
6.32081
5.48264
6.62589
4.27573
5.95495
6.02429
6.51829
6.5087
5.04852
6.46145
4.79348
4.71784
6.31056
5.23834
6.58564
6.89556
6.39975
6.09818
5.48542
6.0201
5.9699
6.33381
6.16433
5.25436
6.00032
5.18614
6.64129
6.28702
6.46084
6.44766
5.62533
6.66246
4.67907
6.467
5.69332
5.7577
6.18606
5.22608
5.82413
4.77827
4.83068
5.217
5.38146
5.55374
4.68667
6.54157
6.06806
5.69584
5.15309
5.69718
5.59642
4.97967
6.75503
5.96616
4.70555
5.81783
5.14065
4.78479
5.31338
6.75053
6.94245
5.99203
5.19247
4.66446
6.22428
5.15358
5.5305
5.27622
5.76999
5.46721
5.30992
6.71802
5.01361
5.68139
6.39296
4.44424
6.4245
5.18231
6.19268
5.57031
5.33787
5.37184
4.38501
4.94079
5.26229
5.13793
5.36312
5.17372
5.2181
6.53547
6.56954
5.35835
5.99621
6.33792
5.43008
6.16613
6.37479
5.73843
5.73912
6.11783
5.92667
5.4761
6.38894
5.15625
5.4295
4.79641
4.2791
6.32814
5.90796
5.77008
5.5023
6.1447
5.17786
5.70993
5.97458
4.92199
6.14223
6.98318
6.38771
4.76643
5.0581
5.82093
6.2518
6.04819
5.13434
5.37695
6.30466
5.1013
5.58846
4.42257
5.14786
4.28664
5.17195
5.8091
4.77307
6.40699
5.92681
5.68888
6.21198
6.28879
5.43345
5.00335
6.47187
5.74287
6.73582
5.46332
5.89141
5.90224
5.67834
5.96292
5.98079
6.81449
5.33281
5.54978
6.11942
5.2152
4.80939
5.16332
6.71587
6.14654
5.71985
6.33594
5.39795
5.92157
5.12522
5.17837
6.80651
6.35096
5.69949
5.80039
4.68238
5.90819
5.30675
7.02312
5.74422
6.2087
5.2678
6.18553
5.17604
5.13746
6.03768
5.696
5.55908
6.91517
6.70117
4.64843
5.09996
4.95417
6.79463
6.22106
4.30178
5.01558
5.27243
6.1114
5.64292
6.66097
5.15745
5.19379
5.96078
5.18613
5.73236
6.24901
5.2091
6.26937
5.04076
5.7158
5.93184
4.63814
5.62979
5.19949
6.59156
4.92844
6.34741
7.07237
6.12652
5.44111
5.83541
4.39786
4.33453
4.44898
5.24135
4.56343
4.05546
6.44222
5.76537
6.65111
6.24597
5.14238
4.89414
5.24249
5.50196
5.83755
5.30161
4.92692
6.66062
4.66327
5.57788
5.35179
4.49426
4.86629
4.88523
4.29549
5.24257
4.9624
6.29457
5.60414
5.62504
5.67251
5.19555
4.9345
6.41498
4.81481
5.68983
5.79558
6.16136
6.72017
4.51477
5.73182
4.78616
6.38634
5.61415
4.83273
6.68557
6.28323
5.0322
5.67025
4.3964
6.43756
5.32238
6.0894
4.88375
5.78606
6.21378
5.25165
6.71028
4.69861
5.70317
6.02927
5.72465
5.19442
5.7592
6.30052
6.13077
4.75581
6.78096
4.58358
5.53519
5.57455
4.66287
6.73401
5.12756
6.27959
5.54276
6.29552
6.78233
5.85989
5.04707
6.62099
5.93989
6.24539
5.17455
5.15467
5.70217
4.50887
5.77048
5.44575
4.64015
5.89571
5.29552
5.95834
5.55834
4.63332
6.20434
4.52253
4.24641
4.545
5.79568
6.48918
6.06081
5.89945
5.16023
4.73596
5.87066
5.16322
6.01863
5.70075
5.21759
6.94224
4.59997
5.78156
5.9878
5.68706
5.38569
4.3287
4.53476
5.96033
4.76831
5.70105
5.26106
4.74522
4.43489
4.94023
6.33032
5.2176
6.28531
6.15482
5.52349
5.86813
5.03388
5.56711
7.18305
4.36748
6.5233
5.74769
6.31616
5.91749
5.80561
6.84623
5.78761
6.57013
5.37199
6.36247
4.6553
5.04899
6.94118
6.41377
5.68482
4.92078
4.88452
5.36355
5.33917
4.38503
4.9592
6.15272
4.81353
5.56508
5.10374
6.21779
5.67342
4.76408
6.42674
6.02851
5.74997
5.62561
4.47666
5.95455
4.54005
4.67158
4.84945
4.04589
5.82211
5.31582
6.37279
5.83562
6.45001
5.59753
6.04571
5.19934
5.55522
6.56945
6.52654
4.9336
7.03246
5.98285
6.23928
5.37853
5.95228
5.41229
5.91102
5.25783
6.0644
4.82209
4.37737
6.02448
5.75551
6.01169
6.02591
5.71347
5.34097
4.47566
6.44843
4.60191
5.89858
4.6885
6.19273
4.96736
6.35886
5.37589
4.4437
5.58973
5.811
5.94549
5.73255
6.64875
5.98215
5.94564
5.39644
6.5212
6.77194
4.8412
6.11553
5.10087
6.01819
6.23817
4.67995
5.86218
5.79836
6.17296
5.7137
4.90536
6.66334
5.46648
6.20946
6.16291
4.70876
6.73957
5.14429
5.47226
5.14407
5.44825
6.44171
6.24577
6.41771
6.71457
4.57599
6.71718
5.88972
5.11141
4.76405
4.67766
7.10557
6.73092
5.66514
4.98818
5.55355
5.773
4.77546
6.55388
5.72069
4.67734
6.17507
4.75004
6.56261
5.89224
6.21943
6.75971
5.35994
4.77445
5.11437
6.69905
6.1281
5.46429
4.81551
4.97892
5.75689
5.52572
6.35368
6.22382
4.66069
5.33905
4.65201
6.25399
5.47382
5.53987
6.28206
5.32441
5.83018
4.86571
4.90924
3.82038
6.79309
4.94987
4.75421
6.12863
5.02289
5.21964
6.13314
6.19511
6.35388
5.74797
6.28397
6.09168
5.52176
6.4862
5.61808
6.24899
5.23928
5.59612
6.40369
5.49045
5.21792
5.60324
5.00883
5.78978
5.71826
6.42317
4.23915
5.246
4.94282
4.79827
6.13835
4.90393
6.10047
5.76934
5.681
5.16079
4.70678
6.20776
5.14437
6.85551
5.84543
4.67561
5.76221
6.65722
6.64757
5.55064
6.38232
6.22046
5.16978
6.21755
4.62911
3.97562
3.41558
3.39696
3.51393
3.74594
