4.06575
4.67214
5.0621
4.87619
5.30192
3.29453
4.211
5.74136
3.84275
3.72269
4.64698
2.08556
2.07151
3.37388
3.61644
2.05908
1.72024
3.30045
3.69744
2.10091
4.24842
2.06744
4.63075
3.79728
3.78185
3.75091
2.07215
3.66837
3.89846
3.66768
3.82798
6.05008
2.11256
5.13954
3.74909
4.29498
1.74882
1.72754
1.73348
3.53934
1.72557
2.06905
3.30999
2.08881
3.47043
3.71277
3.8342
2.12135
2.06284
3.73648
2.10791
2.05926
3.72337
2.66861
3.7448
3.13026
3.60841
2.09821
3.93924
3.93
2.07745
2.26327
4.71046
2.06625
3.66081
3.61117
2.09
2.08488
4.91044
2.07095
2.09618
2.07429
2.70084
2.07136
2.09088
2.07609
2.69493
2.65132
2.06869
3.78513
2.9312
2.06564
3.30527
1.93125
3.33533
3.29903
1.72799
1.74305
3.1696
1.79787
2.08157
2.91805
3.48723
2.0479
4.63906
3.83425
3.52913
5.17334
4.40268
2.07844
2.17294
4.57594
5.72239
3.55329
2.27724
2.07192
3.89194
5.06522
3.70257
3.58766
2.06069
3.96732
3.4896
3.72034
2.08459
2.05935
2.04775
4.69362
2.08768
3.70298
5.61141
3.72518
4.91302
4.12482
4.80401
3.7479
2.25937
3.71574
3.90696
1.7446
1.7055
1.72579
1.722
3.21034
1.72896
5.12655
2.06262
5.25082
4.48816
2.09255
2.06583
3.70818
4.12984
2.09846
3.44055
4.08921
3.72267
3.51638
3.90497
3.6386
3.95433
3.54284
2.09553
3.65095
3.39208
2.07627
4.17904
5.20057
4.65249
3.568
4.63598
5.36902
3.78081
2.0635
5.71981
3.54222
2.07292
3.40594
2.06737
3.64711
3.55424
3.52828
3.07909
3.56423
2.17777
2.07978
5.1554
2.08973
2.06666
5.19899
3.16633
3.74759
3.61439
2.08559
3.95161
3.7248
2.0779
5.26065
3.45414
3.72451
3.69484
5.33328
4.59775
2.13383
3.67689
3.62693
3.68114
5.10517
3.76354
5.09555
4.86884
1.74391
1.73095
1.73064
1.73976
4.70175
3.36192
3.73515
2.78483
2.05738
3.79051
4.1612
3.58258
2.26559
6.19993
4.12766
3.79515
2.06662
4.62791
2.03308
2.06947
4.75815
2.06526
3.36392
3.33606
1.72495
3.34151
4.27774
3.26108
3.22387
3.71689
3.64882
3.83631
3.1591
5.53555
2.05092
4.91968
2.07933
2.07904
4.00188
3.71781
2.08865
2.08284
4.65166
3.82861
3.77801
3.67634
5.22877
5.0126
3.75869
4.52067
3.64121
3.65577
5.55628
2.08141
3.78162
4.46808
3.67084
4.83039
2.11344
3.48002
5.36289
4.20003
5.23469
4.40717
4.94326
2.11085
2.09844
2.10134
1.73454
3.40546
2.0991
3.09719
1.75386
4.48798
4.79221
5.02317
2.29896
3.69697
3.80554
2.09657
4.23087
2.70096
3.53926
2.07876
4.58278
3.66561
4.02454
2.05362
2.07685
4.51234
2.05283
2.06832
1.72824
1.72038
3.46595
4.69306
4.65064
4.45489
3.45937
2.05788
2.10113
4.86365
3.6667
5.09735
2.86463
2.08447
5.05689
3.66317
3.77177
2.07494
2.07988
4.65896
2.07295
3.62941
2.09429
3.39262
3.56282
3.95137
2.08389
4.9524
3.43126
2.07156
3.64028
3.69103
4.90336
2.07626
3.36284
4.59368
5.2288
6.22729
5.49426
3.56758
5.08037
5.26929
3.44638
3.58354
3.60186
3.63345
3.98361
2.08417
2.08117
2.26993
3.64122
3.83724
5.68033
3.76214
3.67002
2.0488
2.08362
2.07307
3.63383
4.31261
4.55259
3.15676
2.08036
1.75563
3.48975
4.37615
4.48843
2.0633
2.59775
3.41322
3.50234
3.90087
3.29523
3.47192
1.75227
3.41635
3.29239
3.40335
4.93241
4.7201
2.47586
3.113
3.21587
4.87242
4.24214
3.56334
3.88927
2.10197
5.23154
3.60047
3.67777
3.12553
3.41428
2.27363
2.07149
3.14562
4.60918
3.21008
2.04953
3.75527
2.81655
3.37534
5.14616
3.21621
1.75848
3.23194
4.83105
3.49947
3.23318
4.76695
3.47397
3.34504
4.78384
1.73693
2.73097
1.95475
3.48167
1.74107
4.13556
4.83962
3.30348
3.46428
1.74147
5.24738
1.76447
1.76126
5.33066
2.10761
3.26058
2.04417
3.54451
3.68894
5.03196
4.82522
4.01431
2.12756
2.26149
3.88173
2.06748
3.37575
3.69411
1.75628
1.77866
3.9356
4.97534
4.85621
3.46528
1.719
3.57187
3.18668
3.08806
1.72516
1.72101
1.80465
2.93079
2.96019
1.75499
4.3612
1.72282
1.73308
1.73742
1.72449
3.29618
4.28967
3.43965
1.73619
4.96549
1.72762
4.32464
5.08982
3.39231
1.72648
2.93512
3.58203
3.37516
3.34107
1.80234
4.41562
3.98346
3.68807
5.43709
5.13471
2.09685
2.05954
2.30023
3.87737
5.1747
3.57685
3.56279
2.07213
4.22394
4.6706
2.11424
3.73866
3.80576
3.1821
1.72911
1.7356
3.51039
4.9425
1.95565
3.26061
1.69705
1.72229
1.74365
3.36077
1.73442
1.73471
3.41315
1.78078
3.95698
1.71702
1.73279
5.07506
1.77756
4.2987
3.44388
3.65724
3.49686
3.45518
4.35857
1.74655
1.93637
4.76771
3.48988
2.94465
3.3434
5.9215
4.84406
3.41586
3.78837
1.7444
4.69214
1.73567
3.15216
1.75938
1.71864
3.73185
1.7634
4.28356
1.72697
1.72171
1.78972
3.41767
6.04958
3.59178
1.74703
1.72408
3.51635
1.74203
1.73132
3.394
5.312
4.05846
5.68976
2.08513
3.63329
3.7739
3.49591
2.052
3.71077
4.61413
3.78132
3.65613
3.76893
3.70441
3.78756
3.78197
5.25922
2.0671
2.09946
3.89596
2.96345
3.46697
6.05888
4.97624
3.80752
4.86651
2.05936
3.32026
3.812
2.1079
3.61813
3.6737
2.07136
5.34606
3.74541
3.79866
2.08301
3.75888
5.42416
3.68834
4.79805
3.68235
3.43005
3.20109
2.07017
3.46485
3.63947
3.74012
2.33459
2.05448
3.63443
3.57303
3.56055
4.74856
3.67721
3.51104
5.39414
2.27837
3.97422
2.05564
3.26161
5.21693
3.62658
5.30799
3.72224
3.68598
3.56862
6.13748
2.69336
3.29024
3.18871
1.73268
1.75199
3.04203
1.99671
2.96665
3.42376
3.43098
5.02295
4.70254
1.72046
1.94798
2.10478
2.062
3.41655
2.1032
2.06216
3.09658
3.38606
3.5172
4.5204
5.11393
5.1969
3.64116
5.53849
3.72336
3.78015
5.23424
5.2936
3.18569
2.30729
2.09139
3.15314
2.04918
3.78976
3.82325
2.07641
2.05669
2.055
2.08783
4.12887
1.75225
1.71922
3.48926
3.35918
3.56683
3.46794
3.20377
1.83703
5.03718
4.36961
1.97152
3.23847
3.31753
2.81222
1.74627
3.21137
1.72369
1.7342
2.28955
4.78716
3.35796
3.94994
4.47398
4.39623
4.9428
3.33205
1.74987
1.73801
1.72728
3.37405
1.76037
1.92024
3.2655
3.60737
3.49464
3.41921
3.32743
3.27674
4.43926
5.47905
3.53556
1.7193
1.7319
3.16876
3.02578
4.30511
1.76604
1.73778
1.71145
1.77703
3.43099
2.06737
2.05408
3.90359
3.63025
3.72694
2.07433
2.05435
2.08204
5.15037
4.47577
3.66536
3.3265
2.06771
2.07477
4.29766
3.66089
1.74875
3.12216
2.92897
3.53905
3.55137
2.08462
2.24182
3.57591
5.19784
2.66261
3.83498
3.55392
2.07128
5.40663
3.67425
5.30172
3.98463
3.08673
3.2041
2.6556
1.72425
3.89098
1.72307
3.27993
1.73594
4.49669
3.41639
1.72177
4.09937
1.72931
3.36647
2.72529
1.71858
4.33764
4.21596
1.73342
3.1365
1.81971
4.70184
4.29308
6.35828
2.02226
2.63818
1.73882
1.73724
1.71329
3.18242
3.09132
1.74458
5.00507
1.72134
1.71399
4.8739
3.42246
3.43939
3.41768
3.35555
3.45346
3.28157
3.34788
3.32611
1.72491
4.69308
1.73588
1.73594
1.72936
1.7213
3.38961
4.28417
4.80003
1.72244
3.50534
1.73358
4.08532
3.60287
2.04734
3.70222
5.39319
2.07657
6.13291
3.62032
3.8511
2.10033
5.05863
5.31614
2.09302
3.76334
6.27159
4.69015
3.52763
4.16428
3.62474
4.94515
3.6491
3.18033
1.73211
1.72226
1.73265
1.753
3.38187
2.11983
6.09805
5.68831
5.2983
5.29643
3.64556
2.09052
5.02285
4.82027
3.84703
4.68822
2.0698
3.86472
2.08592
4.92596
3.77491
2.09855
2.43174
3.51569
3.24686
3.4311
1.74063
4.73399
1.71486
1.7659
3.11495
3.34247
3.811
2.87747
4.92779
1.72732
4.36441
3.41037
1.7526
1.72716
1.78585
3.67343
1.74574
3.63997
1.71405
1.71791
4.03622
3.38447
1.72417
3.64702
1.72112
4.81383
4.37327
3.44469
1.75359
1.7462
1.71766
3.33964
3.21929
4.99759
4.13045
5.01171
3.47268
5.38927
1.75296
5.84915
3.35363
3.40569
3.37012
4.80374
3.46603
1.76215
4.29128
1.72237
4.784
5.05436
1.74192
1.73261
3.55323
3.47336
3.5362
1.94022
1.72766
1.71478
1.76342
3.46091
2.77796
3.48521
1.72661
3.60268
3.62024
3.29989
1.74883
1.72286
1.75088
1.72614
5.06496
3.4041
4.2191
5.03119
4.78983
3.34434
3.3336
1.77425
3.26682
4.49872
1.73677
3.31786
2.76306
2.11128
2.99627
1.73431
3.47476
1.75139
3.34106
1.75304
1.74547
3.48965
1.71154
1.74364
1.73395
4.68342
1.75525
5.10306
4.60967
5.39995
5.08884
6.57373
6.01141
5.72263
5.24404
3.22124
3.89457
3.34941
3.76886
2.09195
3.33266
5.4692
2.06538
2.07156
1.7911
1.84478
5.07285
4.68191
5.22689
3.57908
3.75956
3.45325
3.67208
3.03082
2.3447
2.15693
2.85236
4.11017
2.27342
2.99103
3.94066
5.49278
1.72655
3.31615
4.74497
4.13581
3.35358
3.40392
1.81899
1.7284
2.71424
3.33462
3.39955
1.73027
1.7689
4.47769
1.74001
3.34392
5.08124
5.23612
3.35324
1.72705
3.80193
3.35347
3.62021
2.92583
4.21761
3.62228
5.30962
5.43741
3.66597
2.11416
2.10116
3.21265
3.73426
5.58411
2.91472
3.68256
3.81167
2.08006
2.08031
1.82332
3.32768
1.72731
1.73392
3.49712
3.43948
3.58581
3.27456
1.72691
1.77356
1.71754
1.71187
3.39604
3.64834
1.73928
1.73125
1.7129
1.93168
6.16102
4.36961
1.72873
4.48451
3.7766
4.53751
3.37641
1.73148
1.73988
5.08235
2.09797
4.66997
5.16643
4.24917
2.06317
4.14429
5.0217
2.07603
3.68176
3.71393
2.06965
3.71994
3.65759
3.6808
3.40754
3.29372
1.75153
4.59772
1.78659
2.92949
3.61652
3.43464
1.72974
1.78274
5.02669
3.40824
3.76616
2.07631
2.08716
5.03902
3.23122
2.07347
2.06095
3.5664
5.1323
5.06379
6.09233
2.09305
2.09072
2.08184
2.1005
2.07272
2.0608
3.6269
5.83251
3.3098
3.45078
3.28456
2.82892
3.00328
3.356
4.52646
5.10402
3.5125
6.19609
6.23473
4.96861
5.50379
3.07468
3.28282
3.19649
3.28453
3.66828
4.33761
3.28947
2.0868
3.7085
4.00634
3.44844
3.62217
2.11208
3.25133
5.44152
5.12197
5.223
2.16124
4.57822
3.8129
4.56523
2.69209
2.06411
3.76501
3.35422
1.74814
1.73526
2.58343
4.20561
3.36936
4.60198
3.01566
3.32149
4.73675
4.20265
3.43051
1.7448
1.74368
3.17917
3.37237
1.93035
1.73538
3.39193
1.72652
2.92886
4.37089
5.91322
4.649
5.90908
3.45631
3.50963
3.31384
1.77062
3.17736
4.7115
1.72807
3.32668
4.70868
6.38166
4.72998
1.75012
3.00688
3.03641
5.29738
4.46702
4.7688
3.19441
1.75084
3.44633
4.38711
5.37698
5.17723
5.19496
3.66687
5.41938
3.5134
4.67828
3.67533
2.07343
3.66384
2.05938
3.7637
3.70567
2.06554
2.0637
3.82139
2.05921
3.49393
4.98351
3.61114
2.05002
3.81954
3.22417
3.37441
4.72853
1.72999
1.74047
3.10116
3.60684
3.26337
5.07158
4.73031
2.65927
1.71632
1.92051
4.02255
5.41782
4.79848
4.64063
1.7389
1.74365
2.9065
1.73503
3.45446
4.39011
5.36804
2.04536
3.27874
2.73111
1.72733
1.77849
1.72596
5.09029
3.35736
4.78866
1.94141
1.72469
3.2453
3.34624
5.09158
3.55283
3.97708
2.02175
1.73524
3.35875
2.86084
3.74549
5.13678
4.04289
3.12226
1.72317
3.10082
4.65063
3.14144
3.4077
3.07672
1.92845
3.70021
4.97789
4.57481
5.05365
3.34334
3.20679
3.4254
3.24865
3.36534
1.72478
2.79273
2.02332
1.76598
5.25492
3.38253
1.74044
2.93765
2.91418
3.17736
1.75966
1.73421
5.00427
3.25973
3.29706
3.44335
4.79658
4.51045
1.75636
1.82312
1.73159
4.26251
4.88509
2.57295
4.82089
3.3498
4.96676
3.23211
3.30503
3.36373
1.82135
1.72957
2.42434
3.20281
3.62171
3.55727
1.7218
3.64326
4.91804
1.76642
1.72063
4.06979
3.42403
3.47762
1.74353
2.98014
3.86949
5.38512
4.62421
4.01496
3.45586
2.10121
4.48435
6.24887
3.74106
3.66956
4.81876
5.16489
3.73702
3.5207
2.08826
3.20349
3.52147
3.63679
2.11045
4.94729
2.0794
3.80255
3.70489
4.84227
3.46988
3.92029
2.12918
2.11247
3.0625
5.29055
2.06379
3.89329
3.84456
3.82033
2.09704
5.0741
4.37595
4.00558
3.67873
2.1035
2.12447
3.48324
3.44125
5.52669
3.10995
3.2317
3.24479
1.82513
3.20827
1.73658
3.70255
2.56261
3.37097
3.63353
1.72075
3.28465
1.72579
1.73746
3.35625
1.71566
3.93058
2.08634
2.06317
4.59645
3.58694
4.91706
2.08576
5.25166
3.67545
3.78559
2.06479
4.03551
6.70717
3.91832
3.81325
2.0664
3.73604
3.19908
3.62566
3.74046
5.48996
3.01801
5.78805
5.31181
5.03057
3.59382
4.66456
3.53471
1.75985
1.74755
3.14549
3.4974
1.76815
1.73102
1.72335
4.28652
3.36439
3.26883
3.31426
1.74956
2.68142
3.2884
3.60162
2.06372
3.71078
3.80929
3.23157
4.67787
5.0134
6.32296
6.41977
5.27576
2.07126
5.38387
5.29157
2.06756
4.64451
3.2984
2.86092
1.73713
1.72874
3.22969
2.94454
4.94476
4.42981
3.23389
4.82255
1.72997
4.191
2.54588
4.39387
1.72723
4.27768
3.23614
1.71921
4.20231
5.08415
3.44466
3.57693
3.34915
4.05233
3.43716
3.95871
3.27691
1.74505
1.72619
2.63643
