3.69911
3.85151
4.06627
3.97867
3.99736
4.60437
5.69506
5.30379
5.319
4.23793
3.30697
6.23485
6.04522
3.39063
4.45564
5.11669
3.31989
4.35441
3.22045
1.74405
3.34168
3.37139
3.22035
6.28034
1.80337
3.39019
3.06984
4.48744
3.67603
4.71645
4.4556
3.02804
3.45914
6.09836
4.27235
1.80289
4.37748
5.95817
1.79054
1.94561
5.22742
4.19927
1.76833
4.1655
6.3913
1.78605
1.76828
4.30187
3.45205
2.12596
5.69141
5.16541
2.13616
3.42339
4.7151
2.188
6.26128
4.81416
3.26139
2.13197
5.38665
5.47933
2.13437
5.75244
6.71455
4.72883
2.16418
3.44235
4.78931
2.14309
2.10844
6.38584
6.26558
2.14245
2.11227
6.05259
2.12687
2.13093
5.5187
4.19595
1.78115
1.84153
4.38266
1.80623
1.77502
5.9764
3.69648
2.19385
2.1847
5.98139
2.13786
2.14857
5.43955
4.71337
2.21392
4.64851
4.70655
2.11336
2.0916
6.21682
2.14755
2.1021
5.5074
5.63684
1.95221
1.78668
5.1413
3.97158
1.80262
1.762
5.69752
1.80723
1.77558
2.76335
6.3361
1.80311
1.77803
5.80796
3.42167
1.76065
1.81863
5.05073
1.79063
1.75781
4.89796
4.85485
1.79225
1.77488
4.9502
1.76545
1.78492
1.81068
5.37704
1.7892
1.80176
6.06514
3.38429
1.80735
1.78531
5.83213
1.79079
1.77902
1.77167
4.49013
1.76208
1.79675
3.14664
4.6059
1.77403
1.78466
4.18443
2.11021
2.12409
2.08846
5.2267
2.09699
2.13018
2.12654
6.37112
2.14278
2.1254
2.21483
4.31094
2.13015
2.11062
3.7915
2.18557
1.77276
1.78523
4.35717
1.77601
1.78312
3.48349
4.58858
1.79045
1.77253
5.81894
1.81469
1.95223
4.83199
1.7839
1.76578
1.76955
5.67687
1.76425
1.77906
1.7898
4.66049
1.78139
1.77027
6.27991
1.76648
1.7518
1.76759
6.45709
1.79795
1.80167
1.76161
5.39675
1.94852
1.77657
3.2944
5.3976
1.76842
2.11466
4.34709
5.00273
2.10992
2.13861
5.6042
2.11843
2.14828
3.88129
4.92926
2.95892
2.10673
6.8964
2.14327
2.09662
3.58789
5.36654
1.75527
1.76879
5.54889
1.79166
2.12193
3.7225
4.803
2.1319
2.12099
5.7669
2.09965
2.11924
2.14952
5.73332
2.13274
2.0951
5.11596
3.20672
2.11827
3.58589
5.08122
1.78957
1.76889
4.32864
1.77742
1.75108
5.16765
5.36327
1.78579
1.75645
4.47622
4.91981
2.12452
6.20762
5.84333
2.13887
2.10353
2.13485
5.603
2.13388
2.11256
6.02759
5.44093
2.12447
2.12188
5.74774
2.1283
1.79435
1.75014
5.34649
1.80332
1.75816
3.66455
4.88462
1.77036
1.75769
4.88825
1.81961
1.7658
3.57495
4.34625
1.7877
2.29804
5.12411
1.76832
1.8102
2.83499
5.38384
1.76562
1.78041
5.44466
1.78296
2.16043
4.89149
5.77075
2.13609
2.16838
6.19136
2.11476
2.15154
5.14804
5.90557
2.11372
2.14708
5.75476
2.14884
2.10618
2.11631
5.37752
1.81969
1.78007
4.43651
4.36846
1.76159
1.76531
4.41442
4.10475
1.77323
2.1134
4.82142
1.78032
1.76086
5.82854
4.30799
1.75194
1.94946
5.65255
1.76304
1.77184
3.47225
3.9478
1.79311
1.77101
5.29326
3.61388
2.09327
2.15512
6.30653
2.1354
2.15237
6.69481
2.11435
2.10685
3.97735
6.70304
2.75075
6.93614
5.00443
3.63118
2.13407
3.71579
4.71516
2.11458
2.10535
4.87701
4.45546
2.09878
2.11006
5.51217
2.10781
2.1433
5.72552
6.59284
2.14355
2.12553
5.98382
2.16335
2.3115
2.12932
6.41496
2.12156
2.13375
5.13136
5.01731
2.13065
2.11014
5.18841
2.11331
2.79725
5.68805
5.01379
2.09927
2.1352
5.975
2.11523
2.13981
3.29035
6.74534
2.12661
2.09922
5.2614
4.80321
2.10567
2.10921
4.66287
3.68406
2.09907
2.3073
4.21656
2.10086
2.11809
5.07222
6.63568
2.12591
2.12088
6.63249
5.07277
1.76019
3.07218
4.85346
2.01075
1.76312
5.61776
4.96707
2.14324
6.62522
5.45099
2.13311
2.10756
3.78012
4.9425
2.12591
2.08842
4.66941
5.03879
2.09144
2.1269
4.73071
2.12125
2.12006
5.14427
5.78694
2.10554
2.11054
6.64261
2.10403
2.09799
2.87263
6.34835
2.10845
2.08902
5.4391
5.18565
2.13076
2.10732
6.17065
2.13296
2.10892
2.17332
6.10762
2.1824
2.0943
3.0286
5.3598
2.10399
2.11935
6.70247
2.12785
1.76369
3.30589
5.44054
2.11029
2.09849
6.513
2.16437
2.2082
5.50015
6.41248
2.13479
4.74512
6.89639
2.12558
2.11943
3.81742
5.84812
2.11252
2.20323
4.77344
3.67461
2.15361
2.12254
5.69293
1.76869
1.7576
5.26117
6.69869
2.09868
2.09304
6.71603
5.16063
2.13476
2.13975
6.22768
2.12318
2.1328
5.86608
5.24875
2.10761
2.10963
5.97622
3.2925
1.78731
3.57192
6.22846
2.122
2.11704
5.71005
2.12107
2.12155
4.45138
4.61827
2.10824
2.10593
5.79478
2.1304
2.28789
6.053
6.14126
2.0964
2.14378
6.43691
2.12848
2.10909
5.89315
4.65223
2.11954
1.7937
7.21932
3.35666
2.12368
3.40059
4.62295
2.13361
2.102
5.68813
5.53405
2.09936
2.18098
5.21538
2.12865
2.13821
6.58397
5.71479
2.10326
2.13802
5.50332
3.50799
1.77283
2.40129
5.46359
1.76433
1.79376
6.28335
5.74541
2.10429
2.10768
6.13675
2.12118
2.30106
5.12549
5.93379
2.11062
2.14257
4.83906
3.64716
2.11728
2.16981
5.10303
1.78822
1.82427
4.20826
5.20816
1.78084
1.77357
6.24359
1.78005
2.10792
6.5203
5.75587
2.12859
2.30753
6.55115
2.12761
2.11138
5.98946
4.44708
2.11937
2.10467
4.71292
4.49468
2.16481
2.20251
5.48036
2.10973
2.13691
6.6382
4.49757
2.12475
2.09987
5.70555
3.38687
2.10511
6.60902
6.10086
2.15925
2.08885
5.92749
2.15076
2.11758
4.73407
5.22654
2.12627
2.2988
4.68588
1.81336
1.85193
6.36181
5.41094
1.77272
1.76846
4.89217
3.35092
2.34669
4.72942
4.80543
2.13496
2.10587
6.17896
3.77528
2.12441
6.05802
5.72499
2.13783
2.10737
6.17001
4.65586
2.13365
2.17831
6.33665
1.79271
1.80157
5.93236
5.06577
1.80338
2.30018
5.75496
2.1049
2.14704
6.65088
5.49521
2.12025
2.13972
5.69786
2.12341
2.11442
6.02872
4.74735
2.10066
2.10172
4.62696
3.37034
2.27206
3.88103
4.8005
2.10801
2.33483
5.18777
4.81849
2.1271
3.95597
5.35355
2.13006
2.14247
6.00558
3.74352
2.10429
6.07813
4.93249
2.1227
2.11629
5.69212
2.15687
2.12992
3.88665
5.76211
2.11862
2.32624
6.57001
4.42983
2.13888
2.13205
6.2107
2.11409
2.09979
6.3457
3.57175
2.11696
2.14399
6.21139
2.13398
2.15189
6.64709
4.39751
2.12537
2.12144
5.69776
2.11348
5.20924
6.65888
4.83708
2.13365
2.09549
6.20955
2.12251
2.13772
5.19885
4.90113
2.12309
2.11026
5.68113
3.7168
2.13259
3.9008
5.24501
2.11612
2.10642
5.71729
4.80092
2.09556
2.34995
5.81507
2.1088
2.09571
4.47507
5.10286
2.0956
2.16128
6.13429
2.14033
2.15001
4.52501
4.93161
2.11952
2.13718
5.89168
2.12333
2.14749
5.41433
5.28514
2.1485
2.0978
6.67034
2.10212
2.13785
3.65043
4.86459
2.13532
2.10025
6.26434
1.76534
2.13844
4.99754
6.56763
2.11976
2.12271
5.92057
2.14458
3.03025
6.12137
6.28931
2.31008
2.10372
6.23195
3.84938
2.13347
6.36421
4.87524
2.13993
2.11001
4.58796
5.26471
2.08644
2.19312
4.92329
1.95882
1.77363
6.04696
5.02703
1.75857
1.78529
5.80587
1.76614
1.97102
4.64405
4.98486
1.79732
2.8513
6.23329
1.80735
1.78678
4.9623
4.77693
1.8077
2.64267
5.3466
1.77199
3.23373
6.16174
2.11032
2.09405
5.83274
4.87555
2.12351
5.20515
4.91791
2.12363
2.10877
5.18552
2.13066
2.09873
3.98759
4.5343
2.1192
2.12199
6.15501
3.82017
1.75023
3.54458
5.45766
1.78678
1.75184
4.62605
1.79778
1.78352
4.48099
4.68779
2.12815
1.82411
6.22796
1.78426
2.17529
5.35691
5.86642
2.13365
6.21052
4.79206
2.1115
2.15072
6.55561
4.39452
2.11546
2.10807
5.3003
2.13831
2.11239
5.77873
6.26271
1.78223
2.10472
5.78981
4.6584
2.14304
3.8413
4.82773
2.14025
2.09856
6.74437
3.34511
2.11646
3.76729
4.47622
2.10917
2.1111
6.60153
6.35102
1.7704
1.77043
6.17217
1.78397
1.76188
5.96138
3.50592
2.10386
5.24309
6.11255
2.13515
2.14264
5.85972
2.16203
2.10919
3.95922
5.18118
2.12171
2.10938
5.69639
2.12188
2.09615
3.27115
4.31911
1.75616
1.75126
5.70151
1.79051
1.75945
3.82291
5.48947
1.80908
4.73129
5.65619
1.8119
1.76844
6.11858
4.79876
1.77014
4.9246
5.9223
1.79414
1.76707
5.40803
4.93893
1.96991
1.78214
4.48994
1.78264
1.78702
5.76852
5.41371
1.78082
1.75503
4.5126
4.53378
1.75762
5.84945
5.30491
1.80249
1.7701
5.92022
4.45052
1.84949
3.53247
5.4356
1.7647
1.7737
5.95355
3.2908
1.76775
4.51003
6.35548
1.76332
1.7763
5.82374
1.79098
1.79784
5.80601
4.97443
1.77644
1.76483
5.45394
6.32886
1.81387
1.79841
6.11479
1.788
1.76306
4.39514
5.13976
2.12793
2.16345
4.33978
2.13306
2.12207
6.18935
6.64209
2.11343
2.13853
6.0252
2.14736
2.11353
5.10468
5.43021
2.12558
2.09976
5.86289
2.14168
2.33267
4.9371
6.70127
2.1818
2.10532
6.27846
2.21546
2.13076
5.72026
4.73487
2.11951
2.29047
6.23498
2.13531
5.51996
6.1392
4.35336
1.76886
3.54493
4.99721
1.96263
5.3823
4.50694
4.49406
1.78275
1.77324
4.80741
1.77569
1.75589
6.11759
5.80991
1.76938
1.89921
5.26985
3.2682
1.76741
5.27364
5.81968
1.77759
1.76761
6.04487
1.78099
1.76356
5.34538
4.64234
1.8811
1.7785
4.42774
4.52358
1.78691
2.1614
5.46367
2.09145
2.12688
6.00521
5.77577
2.11509
2.09831
6.56356
2.09843
2.13566
3.94918
6.5105
2.11256
2.14803
6.21747
1.80757
1.7634
6.16495
5.24974
1.76563
1.78624
5.48009
1.82976
1.7755
4.85329
5.70034
1.80095
1.74921
5.41348
1.78976
6.00928
6.46898
5.35703
1.76457
3.11645
4.93586
1.7812
1.77916
4.49322
6.66288
1.81124
3.16294
5.98053
1.79801
1.79605
4.22999
5.34466
1.82707
1.79597
6.27214
4.88363
1.80613
6.1463
5.43244
1.78107
2.16833
6.82309
2.13236
2.12624
5.2465
5.65234
2.129
3.86654
4.90468
2.10349
2.11521
4.55702
6.18006
2.11402
4.65138
5.96428
4.88709
1.77838
3.63709
5.85126
1.80056
1.81476
4.94919
5.73965
1.77137
1.79273
4.4683
4.66821
1.78493
3.24633
5.35367
1.81038
1.78909
4.88667
5.14159
1.8526
1.84281
6.15037
1.79829
1.78032
6.32081
4.93785
1.80844
1.79684
6.3545
4.96827
1.78118
1.78859
5.35382
1.77778
1.78582
5.16183
6.48648
1.79637
1.79305
6.40345
1.79637
1.78095
1.87105
5.96958
2.11658
2.13626
5.75425
6.59448
2.09455
2.17281
5.67921
5.03625
2.13071
3.87677
4.85016
2.11285
3.0845
5.20795
5.08639
1.78214
4.60605
6.40587
1.76241
1.77476
5.33168
5.4945
1.98442
1.76804
4.44313
1.77054
1.79282
5.64792
6.42358
1.78203
1.80668
6.32157
1.81818
1.7649
5.54798
4.60956
1.80139
1.77542
5.25581
1.80702
1.77595
6.51904
5.78489
1.79495
1.76373
4.82618
1.79095
1.79842
5.12927
4.49358
1.77894
3.18427
6.24557
1.7962
1.78858
4.58347
5.12369
1.78124
1.75963
6.35258
2.57047
1.8384
6.18102
4.6538
2.09534
2.31886
4.28707
2.18039
2.12773
5.56819
5.53384
2.11698
3.5697
4.8166
2.09545
2.13423
4.79193
4.68233
1.7925
4.7439
5.91179
1.79184
1.79281
4.05
3.40018
1.76685
5.40365
4.98136
2.14699
2.12028
5.59131
2.15283
2.14609
6.45783
6.30239
2.11219
3.65645
6.67044
2.12897
2.28832
5.11347
4.6107
2.11979
5.48157
5.05687
2.12972
2.15959
4.75872
3.77975
2.1337
4.72337
4.65128
2.09807
3.77835
5.1161
3.44304
1.7736
5.38883
4.64082
1.77903
5.497
4.64346
1.77928
1.80378
5.31791
4.94955
1.806
1.85997
4.58572
1.79011
1.77501
5.82443
4.10625
1.78753
3.49409
4.40491
2.14667
5.28385
5.40569
3.98615
1.7814
6.30257
6.18462
2.17684
2.12376
4.55251
2.111
2.10765
5.08183
5.5524
2.11483
2.10539
6.72652
5.74536
2.10158
5.17876
6.91987
1.76668
1.79859
4.4893
4.70172
1.76767
5.04676
5.32983
1.78062
1.76392
5.87676
4.77157
1.78704
4.79712
4.88241
2.35415
2.17127
5.58129
3.82517
2.11234
6.57307
6.60322
2.14484
2.3798
5.24464
2.10702
2.11526
6.74978
4.37886
2.11787
6.20086
6.69116
1.76931
1.79922
4.40444
4.85849
1.77563
5.32017
5.13562
1.75975
1.76038
4.10929
5.08567
1.80452
5.62393
4.22947
1.79223
3.50815
4.68384
1.81381
1.81119
5.35583
3.86875
1.76905
3.42639
5.21027
1.78727
1.75874
5.70656
5.99167
1.78427
1.77941
4.61748
3.35218
1.79686
5.29433
4.48415
1.79884
1.77739
5.68515
1.8046
1.77647
5.51317
5.86119
1.78132
4.31049
6.22219
1.78825
1.7676
4.33219
4.18052
1.78168
5.40461
6.82764
2.12279
2.13209
4.76617
4.87208
2.09601
2.13915
5.45333
5.5218
5.46816
6.0248
5.61697
4.96853
5.20536
4.84222
5.57014
5.50233
6.37751
4.42582
5.69074
5.80196
3.99609
5.90319
4.88517
5.97005
5.41411
5.2138
5.572
5.43053
5.2318
4.24497
6.22538
4.46207
3.78144
3.66359
3.75345
3.61474
