3.53585
4.12513
4.2562
4.07026
6.70257
5.02012
5.19646
5.53409
3.9628
2.05786
3.75568
3.39469
3.81866
4.22468
3.72214
3.83726
3.93704
3.76476
3.75425
3.85083
5.2175
2.06539
3.25554
3.75063
5.13114
3.67469
5.26005
4.63994
3.25184
3.73927
3.77656
2.07028
3.70523
3.58405
2.08329
3.53866
5.41773
3.76867
3.45466
4.58247
3.71946
3.83585
3.78455
3.85748
3.13142
4.49721
5.26233
3.40639
4.68201
3.21742
4.81178
3.29381
1.76287
4.40308
3.86665
5.28056
2.1182
4.66668
4.58164
4.04319
2.10271
3.74316
2.08617
2.06605
2.05054
2.03526
3.72775
3.41995
4.60202
3.68032
2.8148
3.58092
1.73102
1.71229
4.97193
1.73854
3.74381
4.73172
1.91048
2.06058
2.06077
5.16777
3.67995
3.76289
2.15224
3.67424
3.60857
2.0619
3.34167
4.63645
5.83569
4.66539
5.06555
3.74557
3.69595
1.73369
3.36073
5.19391
1.7353
3.20304
2.05449
3.77272
4.20392
3.93797
3.69231
2.40515
2.07946
4.63908
2.07723
2.07966
5.27264
3.68674
4.85327
6.31878
2.11103
3.83306
3.62532
2.088
5.70714
5.35846
3.77172
6.23516
5.28815
3.72531
4.79067
2.24213
3.67296
3.7925
2.06231
2.09556
3.57324
2.07472
5.12655
5.59819
3.6524
2.07321
2.07957
5.42229
3.70846
3.37918
3.78439
4.12194
3.39404
1.71552
4.51482
4.75344
4.91596
3.42128
4.29116
4.47626
5.27402
3.48549
2.07954
3.51253
3.98615
3.65819
3.69705
2.18132
3.78102
2.07813
2.06482
2.05123
3.74165
3.14483
2.04567
3.65121
4.00791
3.71792
2.07013
2.27949
2.04813
2.07475
5.05986
4.7242
3.91585
4.69196
4.70534
5.13112
3.6929
5.11262
5.22968
5.34496
6.17434
5.74054
4.86984
2.08402
3.54994
3.79323
2.15651
2.08883
2.08151
4.01961
3.68828
3.7633
3.81401
3.79486
3.74982
4.02579
3.47637
2.05587
3.63281
4.6059
5.27162
3.66074
2.12485
3.80513
2.61213
2.06143
3.97673
3.81288
2.07902
2.07199
2.90243
3.78643
3.19422
3.91775
4.16202
2.0612
5.77438
3.76693
3.79446
2.08838
2.10726
2.30927
4.80282
3.73208
5.0623
2.05547
2.06544
5.09212
3.27495
3.62747
2.08864
2.06618
3.72686
5.30367
5.20668
4.26181
3.53088
3.66056
3.86302
5.04048
3.65784
3.78335
3.1653
2.04536
2.04679
3.52389
3.88734
2.08743
3.72312
3.63216
4.89677
4.02174
4.01226
2.0877
2.26788
2.0633
2.03542
2.09662
3.95769
2.03771
5.15546
3.84376
2.06289
3.76581
5.11532
4.9731
2.06128
2.08524
2.06713
2.03997
2.06042
6.32935
3.25779
3.72489
3.56246
3.70756
2.26456
3.65733
4.73009
3.50111
3.54725
2.10187
3.20244
3.47578
4.27337
5.16574
5.11896
4.73714
4.79682
3.39014
3.7333
5.83085
4.32191
3.67175
3.55075
3.72011
5.27167
4.52977
5.18838
4.56704
3.67382
2.17552
2.06274
2.05861
4.04747
5.08077
3.42127
3.32753
5.53901
3.31534
3.20444
3.32812
3.18646
2.0697
4.6592
3.67551
5.08249
2.06649
4.18021
3.45997
3.8122
4.12617
3.27704
2.05861
3.56483
3.68704
3.64244
3.11972
1.78856
4.73971
3.50467
5.09295
3.25716
3.42334
4.08151
4.62293
3.87185
2.77934
2.07757
2.26862
2.07715
3.85072
2.06614
2.10654
2.03168
4.74223
5.43679
3.70012
2.62234
4.08424
2.10263
1.72347
2.85115
1.73649
1.74799
3.42724
3.71958
3.81516
5.44076
3.7576
3.91287
3.65607
3.67626
5.19493
2.07783
5.09999
5.13667
5.43603
3.75132
3.42156
3.52938
2.44255
2.06685
5.82814
3.70981
2.0694
2.17521
2.07931
5.08992
3.47329
5.60513
2.11312
2.0734
3.78089
5.07929
2.1245
3.61522
2.07454
3.77241
5.05828
2.09623
3.28467
3.42509
4.07718
4.956
5.46784
3.55535
1.75034
3.29787
1.76812
3.52882
3.87452
3.32177
1.80335
4.96164
2.1017
5.45566
3.68393
2.12251
2.06026
2.06896
2.06318
4.10759
2.08998
3.86183
2.61125
2.17212
2.07542
2.06298
2.10116
3.62315
3.75911
2.07988
2.09355
3.47151
3.87265
3.25885
5.69924
3.48066
2.06196
3.74795
3.33296
2.05721
2.06124
4.01092
2.0564
6.75203
3.78632
5.27729
4.25111
3.72042
3.48353
3.54251
4.74475
4.88564
5.26906
3.54817
5.08117
5.16843
4.24854
4.59554
5.34755
4.84904
3.03337
3.70924
4.63089
3.96952
5.52491
2.37519
3.62157
4.18818
5.19216
2.06925
5.24586
2.09967
3.23074
2.28034
2.05227
3.34657
3.19427
5.09426
3.31623
4.51961
3.6417
4.14891
2.06218
3.72643
2.07369
3.7331
2.05461
3.69249
6.25326
4.55781
3.88497
2.25751
3.65174
5.41022
2.09826
2.2724
3.26102
1.76739
3.28683
3.33814
1.78615
3.29878
1.73137
3.62353
2.05926
2.06956
3.5982
5.54686
4.40027
3.48528
2.08742
5.34866
2.08601
4.03729
2.077
3.70756
3.66043
5.23891
3.77012
3.59625
2.97933
2.9615
2.91094
3.28126
4.28225
3.26423
5.00103
3.64624
3.74715
2.06693
2.0746
3.14986
2.11368
3.78612
3.63649
3.75999
2.09027
4.17126
3.78042
2.06978
3.69016
3.5278
5.43165
1.72867
1.82732
4.12412
3.3086
3.28778
1.75197
4.78687
4.53604
3.16126
3.84146
1.74954
3.34117
1.73148
4.88375
3.34412
3.45504
2.96365
1.73523
3.16826
5.06738
2.77913
1.76078
4.7816
3.0753
3.50424
3.96257
3.41886
3.38308
3.53302
1.72576
1.7352
4.86984
3.58097
2.63062
4.708
1.74028
1.71887
1.72159
1.93842
3.36974
3.2477
1.73565
4.1047
1.73081
5.65218
4.79121
3.39201
4.73989
2.08598
4.97644
3.35561
1.72365
3.30926
3.43661
5.48453
3.21278
3.73154
2.08907
3.70545
2.05524
3.2624
5.80605
3.72838
5.81332
2.07862
2.88711
2.09396
4.58616
2.09086
2.05195
2.12542
5.12906
2.61196
4.15526
3.64531
3.50349
4.65833
4.73065
3.32267
3.68373
3.84305
2.06553
4.86341
5.16092
3.78407
3.24329
3.65679
5.35098
4.70998
2.08106
3.54327
3.73826
4.67535
4.44208
3.42332
3.76289
5.19089
3.73464
4.87702
5.22726
4.87974
3.04798
5.3327
2.27069
3.21707
3.62996
2.0813
3.6701
5.30131
4.95722
5.10393
5.79509
3.7486
3.49122
4.68023
4.7225
3.16939
5.02774
3.27685
4.80857
1.74246
3.46722
4.6902
3.43982
4.92027
3.48622
3.15673
1.73408
1.81351
1.76707
1.72278
3.1865
1.7155
2.35264
3.34282
5.72402
4.03042
3.68474
3.27941
3.36473
6.18693
3.96214
3.8396
4.30687
3.34753
4.34076
4.90041
6.32686
3.3042
3.3593
3.26778
3.31378
3.33018
4.64422
4.22478
2.08091
5.07824
2.07392
3.58648
3.57711
3.62618
5.23222
5.10019
2.08329
2.06241
3.71169
2.09664
2.07471
2.06717
2.26789
3.13679
4.87638
2.07342
3.33718
5.21349
2.07112
3.71238
5.39919
4.1129
3.37638
3.42854
3.53139
4.3094
4.86286
3.25522
3.45697
3.61143
3.36051
3.27581
3.07555
1.74027
5.026
3.31421
4.97878
3.61408
1.74232
4.33254
1.768
3.34473
2.92361
3.36909
4.61919
1.72735
1.72666
2.06334
3.66002
6.82039
3.46331
3.65882
4.64688
2.08535
2.05693
4.61655
5.18601
2.09358
3.82103
4.37774
2.09204
3.66461
2.07161
2.09322
3.68742
2.10709
2.08045
3.47251
2.0362
2.06264
2.14045
2.09362
2.04394
4.6717
4.87346
3.48854
3.33023
1.72402
3.77736
1.71403
3.35566
3.34273
1.83305
3.59631
3.77316
3.50202
3.45663
4.28433
5.15541
2.93527
3.64591
2.3533
5.43731
2.10658
5.44152
2.07807
4.23016
3.19061
2.07544
5.50057
4.29712
1.76527
4.24591
4.34327
3.35325
3.69369
4.20226
3.38629
3.31755
2.97102
3.38003
3.41669
1.7547
4.62886
3.2457
1.75823
1.76205
1.73747
3.9542
1.74744
1.74736
3.10479
4.89429
3.47154
3.40088
4.15004
3.40598
1.74992
2.86277
4.34961
3.59048
1.74193
3.36367
1.72976
5.14408
3.13954
1.73975
1.75574
3.42134
3.27363
4.11173
4.89914
3.12169
3.66875
3.47248
4.90089
4.76519
4.32152
1.75109
1.74632
3.91048
3.40714
1.72744
1.73064
3.47469
5.79576
4.74289
1.81684
1.74486
1.7179
5.43397
6.06001
3.75221
2.0682
3.69415
4.3197
2.05145
3.87588
2.09003
5.72322
2.04862
4.72676
5.06703
2.07714
3.61725
5.24388
3.55609
3.76059
2.06121
3.46571
3.64598
2.07962
2.09969
4.93709
2.06871
2.06295
3.70691
2.30382
3.97781
4.58213
3.57683
3.76305
2.06773
2.90547
2.06771
4.51327
3.84634
3.79335
3.75752
2.09931
2.06771
3.47721
3.40638
3.37805
3.68686
3.13911
2.98202
1.7328
4.49083
5.03791
3.27746
4.28676
4.44511
1.74402
1.77341
4.62437
1.75016
1.75058
4.35732
4.88184
5.1678
5.0533
3.72079
3.78836
4.66117
3.75699
2.07998
3.83059
3.54046
3.43914
2.13541
2.23753
2.06566
3.77158
5.4254
1.74031
4.56467
1.72868
5.95076
2.08783
5.14563
4.43759
5.07392
3.64327
4.78772
3.55109
3.74145
4.05442
2.0615
3.72786
2.10702
2.07891
4.71906
4.60632
4.97954
3.34169
3.34282
1.77662
3.41193
3.23797
3.34546
4.18448
1.7474
1.77757
3.3022
1.72365
1.82507
3.40047
3.28779
1.75424
1.72444
4.41643
1.73572
3.48297
3.64576
3.3511
3.43586
2.99968
5.05581
1.72866
3.623
2.90979
4.18943
3.29453
4.19316
2.85107
4.49221
1.74248
3.21982
1.74588
5.19423
1.73184
2.31682
4.88062
3.18769
1.72896
1.73847
1.73684
4.62324
5.05535
3.39871
3.53869
4.81067
3.42002
3.90671
2.81751
3.26774
3.40664
4.22548
3.40262
4.11354
1.73206
3.34478
3.00387
6.31057
1.73238
3.55684
3.49384
1.78373
3.42861
3.38642
3.0133
3.33381
1.75254
2.92311
1.78589
1.7462
1.78704
3.80748
4.94856
3.92862
3.34407
4.3612
3.33982
4.39683
5.03423
3.38759
3.5348
1.7419
4.85109
3.25846
3.37532
3.59199
1.75666
3.42641
4.9797
1.76902
3.24836
1.72804
2.92612
3.23282
1.81324
1.73521
1.75002
3.28104
3.46857
4.58614
3.33686
4.35098
4.51584
3.45611
4.80439
1.75037
1.74142
4.28681
3.42318
3.39789
3.18992
5.23597
5.03797
4.58867
4.95975
3.97835
1.75568
3.3764
3.42309
4.59783
3.59872
5.3097
4.98081
3.58265
4.87578
5.3502
2.90735
3.63455
2.08354
3.80249
5.41695
6.81844
2.08442
4.6423
3.31469
1.76295
5.09709
3.69774
3.23486
4.49341
5.33248
3.59404
2.10122
5.19335
3.66847
2.27509
4.56509
3.53835
3.72162
3.52364
3.6107
3.69716
4.82555
3.6278
5.22042
4.72058
1.73444
1.74841
1.8705
1.74123
5.09195
1.75135
1.75072
3.34507
5.73438
3.47712
1.81154
2.29133
3.57757
2.57499
3.15607
3.0715
3.04415
1.74351
2.88679
5.63353
4.99127
1.72855
3.70894
6.41922
4.41196
3.37943
3.44458
1.72292
3.45741
2.76556
3.42277
4.77242
1.73654
3.83189
4.47827
3.28079
1.74778
3.60651
1.76426
2.84122
2.92761
1.73059
4.82578
3.62047
4.90805
1.76734
3.47952
3.05066
4.9565
4.91784
4.69263
4.80353
3.32234
3.88476
3.45005
3.15714
2.04554
1.75652
1.83174
3.38574
1.70837
2.07236
2.05593
2.08791
3.68432
2.05472
2.06646
3.65758
5.0117
2.07915
2.08635
3.85297
3.26513
2.04757
3.5403
3.78694
4.14479
3.34584
4.31538
3.67093
5.19317
1.7243
1.71609
1.78537
4.9852
3.42017
4.85303
2.07011
3.32431
3.57919
1.719
4.76891
3.72526
3.21229
3.7865
3.87498
3.61879
2.08096
2.66571
2.28107
2.06759
3.50891
3.65051
2.13086
3.90555
5.33019
3.71057
3.3694
4.80159
3.79021
3.46165
3.08475
3.78973
1.73485
1.7329
3.32449
3.36217
1.7586
2.07831
1.89326
1.72881
1.92621
4.6171
5.29736
3.62005
1.72457
1.73907
1.73064
4.95806
2.31946
1.72318
3.43021
3.12165
1.73301
3.40393
3.36758
3.32401
1.74294
3.6289
1.74946
3.18882
1.73406
1.71757
4.99738
4.30452
1.73409
3.34405
1.73187
3.4707
2.92683
1.74733
3.33364
3.72834
1.73818
3.83525
3.4748
3.31796
3.1275
4.06212
3.40305
3.35593
5.07118
4.07903
1.93457
1.74417
1.72814
4.41557
4.79412
1.74471
4.75444
3.30665
3.49085
3.24625
1.72925
3.28388
4.71702
4.76069
3.11202
1.73221
3.4358
1.71834
1.75921
4.55353
3.21381
4.80358
4.98514
1.73547
3.42871
5.96262
4.93554
5.00602
3.43807
2.78492
3.39633
3.61829
4.15721
3.44926
3.91438
3.38177
3.31385
1.74751
3.61389
2.06646
3.66559
4.63608
3.72294
2.27158
4.06441
2.07918
2.083
4.14732
2.06983
3.66483
3.81835
2.09269
2.08475
2.05074
2.09259
3.70349
4.75505
3.70009
3.77031
3.80141
2.07267
3.70682
2.9321
2.07973
2.06851
6.28433
2.0672
4.2384
2.04472
1.73174
1.74055
3.32194
1.74502
1.75829
3.79167
1.73668
1.86129
3.45053
4.45808
3.81404
4.9687
2.07601
4.07568
3.67759
2.04732
2.08232
2.29872
5.07562
3.35432
5.47125
5.17802
5.16355
3.51836
3.67733
4.40981
3.03897
4.17633
1.73764
3.02188
3.25006
1.71318
4.75339
3.21369
1.73764
1.77231
1.71826
2.95542
2.29019
5.20771
2.04712
5.20175
4.28793
4.01334
3.35043
1.72705
4.75009
3.77278
1.73249
1.73132
3.26965
3.338
1.74573
1.72654
3.39949
3.33815
3.48848
5.32697
3.33504
3.34307
3.64989
1.76397
2.40332
4.34429
3.50872
3.42371
2.65487
3.39695
1.73496
1.80407
3.63511
4.93622
3.38506
4.88329
1.73517
3.41911
3.80337
4.32498
4.53735
5.54723
2.09364
5.20784
2.06506
3.19454
5.05267
3.57111
2.05949
3.68769
3.53263
2.63586
3.88347
3.69689
3.02468
3.50841
3.32439
1.72245
3.29065
3.19169
4.28669
3.34361
3.32299
1.74277
1.7905
3.8322
1.79303
3.42426
4.97717
5.09951
2.0615
3.76622
2.06743
2.04753
3.05049
