3.61752
3.89332
4.14039
4.00551
3.62786
3.68841
5.7694
5.32574
3.24424
5.21409
2.06307
3.73906
3.7577
4.94103
2.1389
3.56916
3.87159
4.8033
4.94499
3.7978
4.66351
4.26607
3.66049
3.27924
2.59818
3.39232
1.72927
3.31116
3.41832
1.70817
1.75041
1.75863
3.43716
1.73647
1.73008
2.65446
5.04487
4.48701
3.22805
3.37565
3.45166
3.89725
5.47295
3.46462
1.70729
1.72399
3.45217
1.7171
3.1632
3.8175
5.10963
3.62677
4.72698
3.15959
1.91411
3.77172
1.71299
3.34641
1.70061
3.03005
3.3232
3.13966
2.88382
4.76231
3.82935
4.64823
3.38146
4.92817
1.73219
4.9115
3.26815
5.09261
2.09872
4.72661
4.584
3.95103
2.26527
3.31973
2.06016
5.04235
4.91198
2.05789
2.0746
3.65811
3.81247
3.65845
3.68468
1.81752
5.02962
2.94705
4.30557
3.20776
3.68424
1.7491
3.45473
3.36777
3.36281
2.32802
4.74969
3.75127
3.16427
4.16712
3.29254
4.73453
2.0402
5.5185
3.01417
3.65917
2.06183
2.08205
5.21421
2.08419
2.03674
3.54288
5.11537
3.69613
4.94897
4.76382
1.7099
4.94242
1.75083
3.19673
4.63075
3.30272
1.7859
3.38635
1.72954
1.72594
1.72398
1.73434
3.24168
5.61711
1.72909
3.67004
1.71732
1.70579
4.84722
5.44836
5.22354
5.11777
5.07367
3.33488
3.73527
3.52735
4.54097
4.26231
3.11843
1.76437
1.72195
3.78908
3.0929
2.99753
1.73691
3.73355
3.62079
3.26523
4.72753
1.71753
1.72357
3.24986
3.38793
3.67579
3.61109
5.12916
4.74403
4.50256
3.82858
4.52861
4.46175
4.96945
3.07539
3.33034
1.76765
4.85623
3.51263
3.53684
3.229
3.39227
1.7236
3.09455
5.94731
4.26117
3.11877
1.96008
1.95325
4.14404
3.345
1.75291
1.7996
3.39156
4.87701
1.74411
3.80226
1.72306
3.39763
3.21858
1.73715
1.70564
3.18429
4.69481
4.96135
3.16219
1.73381
3.37135
1.743
6.49975
1.74384
1.73416
1.76034
3.2034
3.39894
3.18581
3.34314
3.47127
3.388
3.25558
2.05863
4.0595
3.84949
2.11264
3.58623
3.12112
2.06241
3.85582
5.03697
2.08791
6.16977
2.24606
2.05351
4.81745
5.0931
2.05622
2.08141
5.13565
2.09508
3.62584
4.62682
2.07946
3.57694
5.25191
3.63665
3.24481
3.54378
3.58614
3.52452
2.06958
4.72404
3.76031
5.40031
2.24174
2.05004
2.09079
5.14578
2.05294
3.79878
3.75572
5.25145
3.01288
2.05518
4.46222
2.04964
3.48506
2.07035
3.46427
3.65548
3.73355
3.56732
3.50517
2.07077
3.77317
3.62618
2.25193
4.65032
3.65872
3.73069
3.50973
2.04969
2.34776
3.50118
5.35555
1.73116
3.3137
3.27174
1.70633
1.77716
3.30608
4.68949
3.69363
4.65278
2.03772
2.03692
3.50952
3.69641
5.8628
2.11095
3.57891
3.66776
5.26633
3.34618
3.76747
2.95836
2.08124
2.1112
3.81896
2.04096
2.07738
3.77305
4.00246
3.23895
4.48236
3.65627
3.21735
3.25778
2.0571
2.32852
2.10752
2.11933
2.05614
5.23204
2.06771
2.04831
6.66223
3.6454
2.06052
3.70378
5.39066
4.75923
5.35361
2.05976
3.6996
2.55763
4.24751
3.24056
3.674
6.44561
5.03513
5.45663
5.3281
2.0716
4.82805
3.89884
2.04734
5.38757
5.38184
4.88819
5.33393
2.06963
2.09971
2.09291
2.08224
2.06309
2.07438
2.75492
2.08514
2.0565
4.0163
3.29292
2.24958
3.64838
2.04887
3.64155
2.0598
3.19235
3.45828
2.35919
2.10903
4.6299
4.99666
5.21382
2.75272
3.67386
3.67495
4.9439
4.51173
1.74806
4.80297
3.35496
3.24452
3.22445
3.51204
3.86804
2.09895
5.12406
5.23421
4.19497
3.65278
2.07148
3.71009
2.18599
3.80078
2.05969
3.47287
2.03132
2.05164
4.09209
3.74555
5.59236
5.14854
3.65401
3.922
2.04173
2.25049
5.03684
5.05158
2.06813
2.09965
2.06701
3.73382
3.5156
3.79112
4.80577
3.38308
2.06054
3.7691
3.48048
3.81762
5.50479
2.05356
3.655
3.52985
3.74216
4.21791
2.25168
2.0778
3.45825
4.74603
2.07021
3.45342
5.1224
3.71365
3.6376
2.03711
2.08268
2.05301
3.46834
3.55553
3.75169
2.20417
3.74378
3.96239
5.86162
3.67996
2.10469
2.05004
4.00861
5.29329
4.89856
3.62726
2.0352
3.44923
2.09182
2.07711
3.7888
4.41415
5.22274
3.56285
3.73421
5.35552
2.06081
2.06209
2.04483
3.15496
5.164
3.64888
4.67471
5.44736
4.08447
2.86899
2.05411
4.34527
4.71956
2.08524
3.32053
4.27588
3.1935
2.15394
4.62439
3.54987
4.77039
2.08105
3.65867
5.18132
3.68466
4.54663
3.57952
5.07682
5.24843
2.09641
5.42359
3.85894
4.61778
2.00516
3.33238
3.40605
3.61433
3.21517
2.70146
2.90417
3.63652
4.01833
3.84099
3.78399
5.40153
3.73907
2.06774
2.07536
2.10503
2.05534
3.73478
4.39298
3.76741
3.56217
4.88939
4.133
5.29219
2.99093
3.31062
1.77987
3.36832
4.42604
3.17092
1.77312
4.835
3.71796
4.86494
5.69315
5.48347
3.6862
5.3102
3.66511
2.05177
3.88366
5.02283
3.73633
2.06355
3.83146
2.04562
3.41363
3.51172
4.08878
3.24521
1.79724
1.74553
3.46651
4.11714
1.72819
2.13613
3.71647
4.06156
2.06353
4.01677
2.11011
3.25467
2.2627
3.25671
2.04542
4.69271
2.05942
2.07086
3.78054
2.09368
2.07344
4.57799
2.06426
3.69104
2.17305
3.56177
2.04567
5.33655
3.22874
2.04778
3.89547
3.66862
2.03806
2.27497
4.02707
4.81964
4.11533
3.74735
2.05753
2.11643
3.70602
5.21636
2.17878
4.45727
4.63177
3.47865
2.08362
2.07698
3.30873
2.06948
3.2368
5.11092
3.74069
3.7047
3.60652
3.93434
3.67501
3.65825
5.7667
3.7648
3.24482
2.07447
2.0648
5.23251
3.62588
3.81712
4.89832
3.7484
3.60642
2.09152
2.06034
2.07655
3.13402
3.12411
5.74273
3.82796
5.35249
2.12562
5.06497
3.93598
2.06437
3.611
3.91841
4.70707
2.07012
4.97861
3.76604
5.17896
2.05311
3.68446
3.62286
3.77492
2.04332
2.76925
3.83077
2.10653
3.18928
3.81016
2.31294
2.07055
5.13207
5.35285
2.07258
5.00008
2.08816
3.77058
4.02379
3.71143
6.60429
5.36423
5.20611
3.4235
3.46749
5.10566
3.75792
3.18207
2.08116
2.05956
3.73117
3.78327
4.18247
3.46301
2.08405
3.46232
3.67584
6.84025
5.91929
3.50416
3.78826
4.73891
2.04404
2.35612
3.7064
3.72125
4.71952
5.24546
2.09088
5.52114
4.59284
2.9054
5.32036
3.47038
3.14007
1.73168
2.8511
2.78534
5.05463
5.67815
3.69951
2.19595
2.08383
2.11025
2.08815
3.65012
3.46679
3.95491
2.06993
2.06598
3.76013
4.38247
3.77764
3.8432
3.18009
4.85583
1.74859
1.72442
3.43007
3.33743
2.09377
2.06069
4.62693
5.21405
4.2401
2.92313
3.71451
2.08109
2.06318
4.80477
3.71654
3.73386
3.76406
3.89946
3.97605
3.6172
5.04002
3.67608
4.22382
3.413
3.44606
3.36266
4.15141
1.72504
1.74433
3.58411
3.6815
5.84543
3.08682
3.62419
3.45009
2.06124
3.65507
2.04986
2.05373
5.06557
3.61401
3.51797
5.25234
4.7798
3.67989
2.05251
2.69636
3.68749
3.62272
2.08211
2.07289
3.44069
3.66245
4.03335
2.08856
2.07507
2.65875
2.05394
4.32075
3.1721
5.16246
3.73791
5.15841
4.62961
5.35167
4.90738
2.07725
3.68472
2.0914
3.6686
3.66826
3.70827
2.06982
3.50064
3.68278
4.05177
2.09852
3.77386
2.0744
3.62235
2.07585
3.77681
3.57565
3.75766
2.09651
4.85964
2.27879
4.99989
5.10091
2.04458
4.57431
3.68228
3.64438
3.84952
3.66225
3.96228
3.21092
1.73442
5.04897
2.05239
4.76162
5.19586
3.10812
3.87101
2.04681
3.74196
4.92463
5.57126
3.79302
5.16825
2.08542
2.06031
3.76738
3.17745
3.3052
2.13813
4.63083
5.70131
3.73266
2.06173
3.80773
4.04364
3.42771
3.49198
3.02285
2.06352
2.08273
4.66385
2.06461
3.88191
4.36009
2.07201
2.16826
2.07479
3.38712
3.7337
5.27202
3.25688
4.26746
5.31064
3.42891
3.42085
1.73484
3.34095
4.59154
2.04308
2.09427
3.59831
3.70753
3.74499
3.70331
2.13285
2.05593
2.11811
2.05517
2.06662
4.74102
4.57743
2.0615
5.15773
4.00168
5.31349
3.57159
3.723
3.58476
5.39929
4.01221
3.51589
2.07172
2.05183
3.91903
3.32158
3.75402
5.3049
2.06335
3.21125
3.86422
3.20684
2.05025
3.79756
2.13794
4.72082
5.43491
5.30743
3.61235
1.74397
3.05462
3.41011
3.54715
6.1284
3.38826
5.10586
3.77855
3.20191
5.42603
2.06942
2.04807
3.59151
2.05627
2.05539
5.09473
2.06123
3.81075
2.18492
4.60418
3.57857
3.78107
3.66161
5.11266
5.04923
4.21712
3.38797
3.93773
3.45408
3.12501
2.24518
3.75611
3.71428
5.47734
2.04415
3.45192
2.1906
3.72187
2.05606
2.06911
3.93099
5.0761
2.05645
3.70836
3.87208
3.60429
3.31719
3.34343
4.06274
3.68682
3.81483
3.96061
3.54279
3.22353
3.92286
4.01855
3.21128
4.75322
4.68389
4.68231
4.6327
3.81841
2.0891
2.93715
5.05104
5.30679
3.28974
3.77505
3.07449
2.0694
3.57093
3.96348
3.55229
2.85122
4.45719
1.73525
1.75633
3.2797
5.33903
3.76414
3.87305
2.31796
3.89534
2.0652
2.08325
3.68712
2.06771
3.74045
3.30756
5.3549
3.7064
3.72101
3.7048
3.80599
3.55592
3.91347
2.07425
4.32701
3.74164
4.7209
5.39067
4.72243
2.07781
3.62075
4.87558
3.40708
3.153
3.50242
1.90889
3.08308
3.12176
1.74006
1.72094
1.75429
2.06485
5.08929
2.04801
2.29422
2.11716
4.43637
2.93149
3.61771
2.10055
2.07442
3.22759
3.2612
3.20583
3.88765
2.06091
3.45973
3.95343
2.06212
3.59966
2.13458
2.13664
4.68247
4.30664
4.86245
3.3586
3.60317
3.32522
4.42037
1.76698
3.43838
3.44185
3.0464
1.72271
3.52194
3.2706
4.59921
3.44926
3.35752
2.88195
1.71704
1.71517
1.70767
3.53591
2.10054
3.74019
2.07207
3.93211
2.28753
2.13139
2.09817
3.61905
4.76295
4.74853
2.92388
2.0471
3.6306
3.58926
5.4745
2.07738
5.27421
3.19931
2.08693
2.06123
2.07562
2.05076
2.06751
3.69117
4.6807
2.06393
2.26914
3.69924
1.73994
2.03412
3.61514
3.40356
1.72736
3.35224
1.72849
3.26848
4.66515
1.73589
5.30372
4.85462
3.78439
4.25496
3.51333
3.84235
5.20353
3.39298
3.30472
3.64925
1.74359
3.41128
1.71293
3.47017
2.66102
4.74554
4.91127
3.46344
3.96159
3.68741
6.71098
4.66837
5.18873
3.68452
5.28251
4.61229
3.77502
2.95821
5.22659
3.57357
4.85928
3.13494
1.72297
4.29994
2.9845
3.39672
1.83027
3.14906
3.47772
3.97907
1.73437
3.42994
3.20802
3.36103
3.46616
3.13206
1.73632
3.37419
5.18052
4.35334
2.80207
1.72914
3.71485
1.98252
1.74131
2.72441
2.06702
4.25806
3.2683
3.30058
4.97404
3.21515
4.18971
3.39321
4.23293
3.37066
1.75186
3.45616
3.34299
3.43928
3.27103
3.60936
5.42052
1.94927
3.02784
5.04463
3.39349
3.40217
4.28526
4.96225
5.41769
6.15985
3.3622
3.41496
1.80943
3.13363
3.43223
1.81377
3.32689
3.33001
3.36706
3.38704
4.31527
1.73948
3.64199
3.40622
1.73391
3.65144
3.46477
3.37938
1.78634
1.75999
3.32645
2.08144
1.73079
3.30371
3.74131
3.34833
4.51439
1.76493
3.74493
3.52096
4.58379
1.73546
1.72463
2.82639
1.92344
4.6265
3.17431
1.73551
1.75805
3.40658
4.71725
4.50356
4.90298
2.91511
1.75437
3.20885
1.75671
1.75512
3.63574
3.387
4.28746
3.47567
4.0493
3.26874
5.64332
4.03909
3.59068
3.07741
3.8482
2.04718
3.44017
4.69077
3.44512
2.05657
2.06583
2.0606
2.1299
5.25314
2.45639
3.91986
2.12184
3.77762
5.11239
5.45935
3.5498
2.08962
2.05495
2.9155
6.43377
3.53073
3.40471
1.81014
4.27025
1.72434
1.71031
4.87279
5.15265
3.1974
4.87491
4.79271
1.78059
1.71993
3.20676
1.72205
3.37626
1.7238
3.38415
3.42191
3.36038
3.9146
3.77219
1.72716
3.29345
2.54903
4.89405
3.29317
4.08482
1.7251
1.75639
1.72353
3.34643
2.75885
4.27748
6.14765
4.20787
4.08782
4.90722
3.40052
5.0876
3.74662
3.72794
3.78498
3.62956
3.68574
4.82569
3.69836
2.06058
5.33228
3.71579
3.66984
3.22455
3.61064
2.0796
2.08985
3.50492
1.73001
1.72704
3.3901
3.19798
4.38069
1.72946
2.92672
3.50108
1.8311
4.39516
3.39788
5.34807
4.28412
1.77522
1.74248
3.37582
1.73291
3.29464
1.72233
1.71489
4.41128
1.73477
3.3465
1.73117
1.76494
5.2757
3.7719
3.46629
2.93165
4.60399
2.05247
2.04975
3.80197
5.19933
4.27403
2.06599
4.40389
3.56011
2.06639
3.7682
3.75428
2.05455
2.03125
2.05256
3.78563
2.03827
3.97758
3.69572
3.49173
4.54923
2.15596
3.32459
5.28373
3.39734
3.38641
1.73014
4.90288
4.33347
3.30365
3.84777
3.30277
1.74366
3.39064
2.94249
3.43344
3.96528
4.34926
3.52426
1.72933
3.55753
2.38443
3.3513
3.57173
1.73669
3.45774
4.27514
3.36401
3.49725
3.41099
2.08175
5.28293
4.72274
2.06521
3.72888
2.04523
3.51741
5.26083
2.07351
2.21419
3.33684
5.34185
2.0665
3.54415
4.89959
5.42349
2.05983
3.56445
2.06165
5.12541
2.06056
3.1315
5.18704
3.67876
3.46616
2.05548
2.386
5.2799
3.67254
4.58702
5.06845
3.22379
4.83411
2.87639
3.41728
4.71938
1.74224
4.90843
1.75387
1.74945
1.73949
2.10088
2.92807
3.59943
4.5167
4.78427
2.06664
3.77421
5.28082
3.77415
4.86746
3.68174
2.04895
3.91893
4.81529
4.67356
3.60402
1.79657
1.90673
4.7496
1.75164
3.18368
1.79216
1.75718
4.64535
1.72103
4.5394
1.72682
4.42097
1.74818
3.32219
1.74177
1.72604
2.02833
